1.000 0.716 0.301 0.708 0.480 0.923 0.485 0.414 0.183 0.384 0.233 0.242 0.130 0.439 0.853 0.495 0.036 0.317 0.831 0.642 0.986 0.736 0.687 0.411 0.603 0.868 0.467 0.521 0.176 0.848 0.923 0.090 0.065 0.768 0.001 0.878 0.317 0.562 0.582 0.830 0.361 0.217 0.493 0.637 0.865 0.709 0.894 0.538 0.803 0.030 0.611 0.137 0.572 0.474 0.080 0.416 0.368 0.157 0.939 0.330 0.993 0.391 0.065 0.108 0.337 0.426 0.765 0.009 0.508 0.700 0.485 0.266 0.793 0.023 0.685 0.122 0.045 0.144 0.052 0.959 0.810 0.813 0.605 0.055 0.248 0.663 0.142 0.204 0.960 0.071 0.224 0.625 0.886 0.599 0.486 0.300 0.108 0.821 0.233 0.289
0.716 1.000 0.922 0.237 0.538 0.553 0.958 0.398 0.321 0.879 0.986 0.012 0.801 0.469 0.795 0.819 0.178 0.589 0.012 0.988 0.468 0.957 0.011 0.860 0.057 0.266 0.275 0.582 0.956 0.489 0.085 0.159 0.086 0.128 0.426 0.997 0.920 0.513 0.607 0.093 0.831 0.806 0.567 0.641 0.673 0.726 0.015 0.543 0.013 0.510 0.453 0.849 0.166 0.440 0.621 0.980 0.624 0.547 0.761 0.190 0.109 0.782 0.614 0.998 0.410 0.098 0.112 0.534 0.843 0.591 0.069 0.613 0.401 0.859 0.181 0.780 0.856 0.658 0.798 0.346 0.332 0.434 0.753 0.306 0.325 0.610 0.800 0.441 0.519 0.204 0.488 0.576 0.588 0.912 0.092 0.802 0.106 0.651 0.532 0.589
0.301 0.922 1.000 0.582 0.812 0.668 0.523 0.939 0.332 0.201 0.897 0.963 0.423 0.634 0.007 0.218 0.592 0.178 0.698 0.979 0.742 0.918 0.227 0.577 0.373 0.275 0.954 0.225 0.593 0.741 0.709 0.291 0.810 0.626 0.549 0.560 0.074 0.232 0.437 0.657 0.527 0.827 0.154 0.786 0.077 0.488 0.608 0.531 0.539 0.307 0.814 0.686 0.496 0.518 0.050 0.598 0.706 0.088 0.023 0.971 0.713 0.246 0.595 0.883 0.563 0.633 0.703 0.498 0.040 0.988 0.621 0.198 0.144 0.265 0.487 0.617 0.933 0.466 0.655 0.959 0.606 0.522 0.166 0.443 0.475 0.062 0.677 0.250 0.741 0.160 0.316 0.255 0.923 0.222 0.942 0.694 0.587 0.992 0.772 0.366
0.708 0.237 0.582 1.000 0.373 0.206 0.846 0.894 0.418 0.527 0.057 0.597 0.654 0.054 0.620 0.190 0.532 0.225 0.173 0.717 0.147 0.251 0.240 0.881 0.063 0.532 0.253 0.068 0.781 0.880 0.907 0.460 0.491 0.154 0.763 0.551 0.199 0.066 0.975 0.538 0.676 0.003 0.759 0.902 0.828 0.475 0.719 0.738 0.716 0.366 0.272 0.356 0.190 0.553 0.907 0.404 0.376 0.681 0.697 0.437 0.687 0.865 0.247 0.206 0.784 0.886 0.154 0.904 0.287 0.852 0.206 0.204 0.780 0.804 0.083 0.739 0.552 0.234 0.750 0.432 0.562 0.591 0.686 0.670 0.060 0.502 0.346 0.550 0.944 0.425 0.788 0.104 0.775 0.946 0.726 0.649 0.703 0.473 0.452 0.366
0.480 0.538 0.812 0.373 1.000 0.598 0.729 0.854 0.171 0.587 0.545 0.190 0.915 0.912 0.555 0.216 0.304 0.105 0.820 0.527 0.459 0.267 0.841 0.336 0.673 0.042 0.416 0.315 0.311 0.730 0.553 0.819 0.312 0.864 0.617 0.850 0.954 0.058 0.958 0.067 0.997 0.654 0.200 0.713 0.546 0.947 0.673 0.884 0.734 0.471 0.660 0.655 0.104 0.028 0.682 0.836 0.091 0.730 0.704 0.352 0.367 0.295 0.899 0.283 0.399 0.156 0.721 0.194 0.047 0.632 0.204 0.909 0.793 0.626 0.480 0.869 0.572 0.710 0.130 0.350 0.269 0.151 0.389 0.459 0.273 0.631 0.186 0.169 0.299 0.115 0.936 0.032 0.328 0.980 0.573 0.219 0.034 0.165 0.378 0.081
0.923 0.553 0.668 0.206 0.598 1.000 0.254 0.549 0.615 0.443 0.175 0.780 0.247 0.152 0.886 0.437 0.819 0.588 0.624 0.304 0.109 0.630 0.491 0.689 0.639 0.908 0.836 0.451 0.078 0.918 0.587 0.826 0.517 0.996 0.851 0.209 0.874 0.892 0.922 0.868 0.011 0.669 0.440 0.620 0.564 0.715 0.973 0.555 0.963 0.537 0.556 0.646 0.331 0.147 0.538 0.400 0.710 0.412 0.662 0.273 0.942 0.408 0.963 0.656 0.696 0.619 0.027 0.532 0.299 0.308 0.043 0.517 0.915 0.002 0.186 0.358 0.692 0.256 0.887 0.888 0.775 0.386 0.626 0.640 0.638 0.155 0.479 0.156 0.383 0.049 0.704 0.282 0.122 0.657 0.682 0.336 0.094 0.469 0.176 0.150
0.485 0.958 0.523 0.846 0.729 0.254 1.000 0.167 0.402 0.800 0.181 0.984 0.471 0.307 0.890 0.285 0.906 0.750 0.674 0.957 0.567 0.179 0.813 0.927 0.061 0.421 0.403 0.588 0.446 0.621 0.918 0.314 0.320 0.522 0.243 0.558 0.658 0.808 0.184 0.485 0.669 0.455 0.645 0.024 0.334 0.329 0.426 0.885 0.963 0.376 0.400 0.233 0.538 0.761 0.489 0.955 0.116 0.319 0.850 0.281 0.811 0.343 0.360 0.584 0.896 0.813 0.893 0.536 0.946 0.334 0.243 0.442 0.150 0.790 0.633 0.261 0.419 0.301 0.881 0.836 0.865 0.764 0.366 0.214 0.093 0.267 0.201 0.840 0.723 0.505 0.380 0.980 0.551 0.374 0.412 0.158 0.380 0.767 0.330 0.300
0.414 0.398 0.939 0.894 0.854 0.549 0.167 1.000 0.432 0.667 0.246 0.841 0.278 0.026 0.652 0.593 0.351 0.270 0.791 0.440 0.514 0.268 0.817 0.981 0.693 0.739 0.601 0.646 0.486 0.760 0.585 0.471 0.776 0.856 0.245 0.904 0.979 0.598 0.428 0.515 0.243 0.509 0.763 0.902 0.689 0.866 0.072 0.655 0.036 0.515 0.680 0.183 0.768 0.345 0.967 0.228 0.446 0.032 0.939 0.894 0.135 0.090 0.840 0.231 0.625 0.615 0.049 0.943 0.387 0.728 0.410 0.342 0.889 0.695 0.422 0.330 0.411 0.186 0.120 0.561 0.374 0.206 0.117 0.862 0.215 0.186 0.006 0.796 0.490 0.798 0.890 0.572 0.942 0.603 0.746 0.555 0.874 0.931 0.764 0.664
0.183 0.321 0.332 0.418 0.171 0.615 0.402 0.432 1.000 0.324 0.161 0.254 0.503 0.228 0.222 0.044 0.606 0.424 0.165 0.865 0.931 0.200 0.272 0.729 0.547 0.924 0.293 0.719 0.254 0.461 0.715 0.247 0.979 0.973 0.920 0.729 0.041 0.861 0.794 0.592 0.609 0.180 0.699 0.851 0.760 0.436 0.914 0.057 0.951 0.723 0.362 0.689 0.376 0.182 0.748 0.271 0.859 0.981 0.198 0.410 0.584 0.508 0.819 0.539 0.694 0.377 0.584 0.922 0.697 0.854 0.622 0.993 0.416 0.216 0.670 0.490 0.479 0.551 0.143 0.674 0.716 0.227 0.823 0.210 0.872 0.356 0.699 0.245 0.984 0.762 0.271 0.444 0.234 0.830 0.860 0.503 0.146 0.661 0.460 0.887
0.384 0.879 0.201 0.527 0.587 0.443 0.800 0.667 0.324 1.000 0.154 0.972 0.402 0.070 0.882 0.718 0.568 0.784 0.839 0.135 0.663 0.468 0.369 0.960 0.630 0.437 0.635 0.010 0.793 0.657 0.881 0.705 0.622 0.724 0.948 0.449 0.390 0.379 0.211 0.604 0.484 0.322 0.102 0.533 0.064 0.836 0.814 0.556 0.509 0.382 0.513 0.325 0.376 0.865 0.276 0.145 0.047 0.284 0.970 0.770 0.182 0.642 0.929 0.511 0.154 0.134 0.945 0.780 0.795 0.463 0.856 0.938 0.437 0.143 0.432 0.693 0.663 0.413 0.120 0.962 0.342 0.229 0.172 0.947 0.038 0.646 0.762 0.638 0.774 0.674 0.606 0.676 0.239 0.133 0.151 0.671 0.219 0.302 0.185 0.157
0.233 0.986 0.897 0.057 0.545 0.175 0.181 0.246 0.161 0.154 1.000 0.061 0.289 0.381 0.344 0.966 0.114 0.177 0.880 0.055 0.501 0.993 0.364 0.839 0.398 0.102 0.254 0.446 0.277 0.167 0.565 0.429 0.492 0.910 0.088 0.458 0.923 0.080 0.652 0.268 0.539 0.156 0.670 0.607 0.710 0.516 0.271 0.001 0.334 0.004 0.672 0.183 0.438 0.535 0.009 0.911 0.754 0.776 0.841 0.651 0.225 0.479 0.093 0.240 0.405 0.427 0.050 0.319 0.805 0.656 0.949 0.671 0.490 0.320 0.274 0.186 0.623 0.105 0.559 0.933 0.876 0.150 0.550 0.637 0.715 0.138 0.143 0.774 0.318 0.471 0.416 0.391 0.655 0.923 0.470 0.602 0.383 0.310 0.897 0.588
0.242 0.012 0.963 0.597 0.190 0.780 0.984 0.841 0.254 0.972 0.061 1.000 0.455 0.371 0.119 0.852 0.705 0.659 0.376 0.571 0.198 0.183 0.648 0.961 0.312 0.728 0.912 0.829 0.368 0.051 0.812 0.256 0.393 0.416 0.798 0.700 0.608 0.425 0.731 0.184 0.615 0.604 0.108 0.685 0.219 0.996 0.828 0.407 0.777 0.416 0.637 0.664 0.837 0.607 0.488 0.967 0.308 0.679 0.531 0.640 0.568 0.233 0.893 0.617 0.112 0.289 0.545 0.426 0.832 0.784 0.396 0.060 0.330 0.638 0.332 0.609 0.204 0.999 0.992 0.387 0.483 0.085 0.076 0.138 0.446 0.046 0.662 0.808 0.584 0.849 0.205 0.694 0.025 0.337 0.044 0.381 0.437 0.801 0.838 0.509
0.130 0.801 0.423 0.654 0.915 0.247 0.471 0.278 0.503 0.402 0.289 0.455 1.000 0.744 0.415 0.978 0.862 0.668 0.121 0.714 0.429 0.470 0.042 0.210 0.571 0.366 0.109 0.031 0.386 0.443 0.393 0.696 0.978 0.042 0.473 0.269 0.917 0.561 0.819 0.032 0.783 0.994 0.517 0.705 0.736 0.500 0.980 0.256 0.724 0.032 0.787 0.193 0.472 0.094 0.299 0.529 0.703 0.458 0.848 0.376 0.822 0.326 0.637 0.364 0.812 0.503 0.396 0.636 0.529 0.006 0.259 0.827 0.418 0.219 0.119 0.218 0.963 0.402 0.529 0.778 0.412 0.482 0.992 0.286 0.715 0.270 0.207 0.276 0.796 0.957 0.534 0.693 0.641 0.361 0.402 0.747 0.258 0.178 0.541 0.472
0.439 0.469 0.634 0.054 0.912 0.152 0.307 0.026 0.228 0.070 0.381 0.371 0.744 1.000 0.733 0.314 0.316 0.449 0.342 0.658 0.408 0.723 0.695 0.377 0.312 0.166 0.748 0.351 0.603 0.948 0.985 0.845 0.095 0.628 0.492 0.951 0.201 0.468 0.507 0.724 0.874 0.866 0.169 0.946 0.442 0.020 0.687 0.258 0.522 0.822 0.601 0.543 0.576 0.869 0.393 0.857 0.966 0.425 0.868 0.384 0.237 0.533 0.181 0.839 0.866 0.034 0.180 0.830 0.120 0.974 0.981 0.107 0.423 0.962 0.549 0.275 0.379 0.209 0.229 0.509 0.357 0.880 0.424 0.862 0.298 0.033 0.897 0.240 0.589 0.289 0.247 0.161 0.623 0.216 0.123 0.043 0.265 0.984 0.752 0.312
0.853 0.795 0.007 0.620 0.555 0.886 0.890 0.652 0.222 0.882 0.344 0.119 0.415 0.733 1.000 0.601 0.931 0.917 0.290 0.028 0.972 0.383 0.226 0.333 0.686 0.895 0.067 0.191 0.591 0.451 0.858 0.448 0.695 0.655 0.399 0.924 0.765 0.757 0.153 0.101 0.761 0.234 0.996 0.404 0.354 0.600 0.143 0.550 0.177 0.198 0.605 0.538 0.240 0.273 0.168 0.262 0.129 0.490 0.786 0.726 0.146 0.083 0.742 0.587 0.041 0.189 0.348 0.439 0.739 0.341 0.624 0.278 0.051 0.267 0.234 0.570 0.642 0.279 0.372 0.459 0.098 0.504 0.273 0.500 0.723 0.190 0.331 0.860 0.963 0.968 0.535 0.017 0.580 0.350 0.160 0.686 0.814 0.757 0.111 0.124
0.495 0.819 0.218 0.190 0.216 0.437 0.285 0.593 0.044 0.718 0.966 0.852 0.978 0.314 0.601 1.000 0.340 0.640 0.751 0.056 0.320 0.117 0.902 0.780 0.896 0.992 0.597 0.909 0.409 0.364 0.787 0.902 0.449 0.220 0.265 0.966 0.005 0.465 0.103 0.458 0.633 0.794 0.359 0.702 0.240 0.447 0.249 0.264 0.896 0.847 0.105 0.322 0.521 0.703 0.765 0.618 0.683 0.172 0.403 0.409 0.573 0.151 0.098 0.535 0.073 0.667 0.256 0.140 0.990 0.679 0.267 0.945 0.217 0.659 0.470 0.240 0.543 0.444 0.192 0.562 0.546 0.570 0.303 0.444 0.308 0.862 0.002 0.156 0.458 0.497 0.783 0.039 0.525 0.196 0.257 0.917 0.351 0.144 0.983 0.295
0.036 0.178 0.592 0.532 0.304 0.819 0.906 0.351 0.606 0.568 0.114 0.705 0.862 0.316 0.931 0.340 1.000 0.999 0.030 0.007 0.364 0.750 0.604 0.015 0.271 0.650 0.233 0.973 0.516 0.852 0.972 0.843 0.966 0.859 0.694 0.985 0.966 0.113 0.900 0.901 0.043 0.423 0.261 0.290 0.432 0.234 0.733 0.244 0.628 0.141 0.029 0.552 0.851 0.522 0.549 0.143 0.632 0.205 0.853 0.609 0.980 0.371 0.539 0.180 0.513 0.802 0.955 0.299 0.256 0.486 0.460 0.534 0.833 0.021 0.950 0.373 0.767 0.511 0.075 0.951 0.547 0.983 0.736 0.287 0.821 0.073 0.278 0.852 0.146 0.408 0.626 0.816 0.227 0.688 0.301 0.209 0.663 0.354 0.006 0.556
0.317 0.589 0.178 0.225 0.105 0.588 0.750 0.270 0.424 0.784 0.177 0.659 0.668 0.449 0.917 0.640 0.999 1.000 0.792 0.946 0.634 0.213 0.708 0.702 0.754 0.026 0.884 0.550 0.273 0.431 0.930 0.197 0.579 0.527 0.319 0.484 0.529 0.118 0.122 0.383 0.675 0.609 0.369 0.769 0.962 0.404 0.233 0.784 0.226 0.586 0.492 0.573 0.876 0.795 0.055 0.876 0.744 0.846 0.616 0.058 0.846 0.148 0.999 0.246 0.995 0.137 0.160 0.597 0.577 0.460 0.050 0.938 0.283 0.083 0.605 0.103 0.896 0.325 0.430 0.719 0.795 0.791 0.007 0.033 0.515 0.279 0.013 0.259 0.377 0.307 0.786 0.279 0.798 0.632 0.230 0.455 0.243 0.483 0.228 0.522
0.831 0.012 0.698 0.173 0.820 0.624 0.674 0.791 0.165 0.839 0.880 0.376 0.121 0.342 0.290 0.751 0.030 0.792 1.000 0.705 0.424 0.341 0.162 0.364 0.693 0.756 0.624 0.070 0.527 0.599 0.153 0.945 0.012 0.203 0.551 0.361 0.203 0.825 0.098 0.739 0.357 0.569 0.422 0.785 0.249 0.425 0.462 0.095 0.085 0.564 0.764 0.124 0.868 0.274 0.013 0.669 0.143 0.455 0.525 0.307 0.619 0.741 0.362 0.856 0.482 0.474 0.664 0.123 0.324 0.432 0.567 0.350 0.568 0.375 0.594 0.750 0.265 0.078 0.161 0.217 0.801 0.268 0.880 0.021 0.501 0.644 0.100 0.388 0.878 0.313 0.806 0.873 0.890 0.802 0.821 0.067 0.418 0.346 0.429 0.871
0.642 0.988 0.979 0.717 0.527 0.304 0.957 0.440 0.865 0.135 0.055 0.571 0.714 0.658 0.028 0.056 0.007 0.946 0.705 1.000 0.467 0.596 0.052 0.603 0.782 0.755 0.787 0.222 0.636 0.327 0.117 0.168 0.679 0.893 0.158 0.786 0.532 0.109 0.732 0.528 0.471 0.717 0.069 0.641 0.771 0.558 0.314 0.182 0.903 0.940 0.468 0.793 0.773 0.646 0.420 1.000 0.711 0.434 0.778 0.881 0.749 0.788 0.995 0.159 0.826 0.797 0.572 0.676 0.532 0.756 0.324 0.609 0.029 0.610 0.643 0.783 0.365 0.190 0.345 0.758 0.734 0.029 0.459 0.470 0.635 0.541 0.311 0.704 0.325 0.133 0.400 0.883 0.713 0.539 0.488 0.937 0.455 0.950 0.195 0.807
0.986 0.468 0.742 0.147 0.459 0.109 0.567 0.514 0.931 0.663 0.501 0.198 0.429 0.408 0.972 0.320 0.364 0.634 0.424 0.467 1.000 0.060 0.797 0.906 0.129 0.586 0.437 0.805 0.997 0.499 0.424 0.517 0.315 0.874 0.795 0.398 0.125 0.724 0.254 0.097 0.669 0.508 0.513 0.426 0.400 0.298 0.882 0.343 0.151 0.196 0.269 0.136 0.173 0.510 0.500 0.555 0.365 0.977 0.420 0.925 0.193 0.654 0.392 0.930 0.960 0.981 0.893 0.757 0.897 0.411 0.759 0.759 0.207 0.396 0.115 0.056 0.318 0.289 0.937 0.510 0.303 0.612 0.442 0.761 0.765 0.866 0.819 0.496 0.422 0.295 0.207 0.690 0.641 0.029 0.262 0.768 0.485 0.781 0.136 0.380
0.736 0.957 0.918 0.251 0.267 0.630 0.179 0.268 0.200 0.468 0.993 0.183 0.470 0.723 0.383 0.117 0.750 0.213 0.341 0.596 0.060 1.000 0.149 0.399 0.166 0.469 0.408 0.086 0.977 0.994 0.907 0.003 0.653 0.846 0.660 0.437 0.604 0.686 0.542 0.037 0.711 0.137 0.317 0.070 0.250 0.379 0.611 0.891 0.674 0.832 0.573 0.004 0.949 0.109 0.085 0.568 0.368 0.680 0.777 0.979 0.449 0.646 0.068 0.243 0.922 0.880 0.420 0.286 0.585 0.970 0.959 0.346 0.376 0.599 0.191 0.024 0.892 0.197 0.577 0.982 0.884 0.585 0.453 0.102 0.417 0.854 0.839 0.397 0.928 0.444 0.856 0.644 0.543 0.215 0.713 0.299 0.476 0.327 0.365 0.984
0.687 0.011 0.227 0.240 0.841 0.491 0.813 0.817 0.272 0.369 0.364 0.648 0.042 0.695 0.226 0.902 0.604 0.708 0.162 0.052 0.797 0.149 1.000 0.826 0.212 0.033 0.248 0.069 0.286 0.297 0.338 0.567 0.960 0.579 0.535 0.409 0.913 0.228 0.459 0.206 0.464 0.391 0.127 0.473 0.723 0.475 0.390 0.588 0.777 0.662 0.746 0.075 0.208 0.106 0.242 0.283 0.820 0.012 0.621 0.419 0.013 0.745 0.975 0.991 0.763 0.383 0.594 0.597 0.124 0.900 0.755 0.745 0.706 0.751 0.796 0.296 0.995 0.209 0.796 0.100 0.758 0.147 0.523 0.696 0.851 0.945 0.800 0.694 0.629 0.465 0.756 0.258 0.830 0.141 0.470 0.347 0.171 0.610 0.275 0.171
0.411 0.860 0.577 0.881 0.336 0.689 0.927 0.981 0.729 0.960 0.839 0.961 0.210 0.377 0.333 0.780 0.015 0.702 0.364 0.603 0.906 0.399 0.826 1.000 0.961 0.569 0.368 0.237 0.480 0.197 0.544 0.219 0.687 0.317 0.201 0.363 0.180 0.007 0.684 0.904 0.282 0.519 0.741 0.624 0.599 0.698 0.388 0.957 0.747 0.526 0.470 0.937 0.363 0.614 0.291 0.745 0.828 0.616 0.922 0.298 0.814 0.244 0.241 0.805 0.738 0.899 0.669 0.651 0.578 0.699 0.530 0.701 0.237 0.206 0.620 0.421 0.309 0.524 0.814 0.603 0.403 0.528 0.132 0.959 0.082 0.378 0.460 0.542 0.476 0.505 0.033 0.600 0.231 0.221 0.603 0.242 0.638 1.000 0.793 0.039
0.603 0.057 0.373 0.063 0.673 0.639 0.061 0.693 0.547 0.630 0.398 0.312 0.571 0.312 0.686 0.896 0.271 0.754 0.693 0.782 0.129 0.166 0.212 0.961 1.000 0.537 0.932 0.373 0.564 0.739 0.755 0.516 0.507 0.584 0.119 0.483 0.485 0.933 0.360 0.797 0.542 0.667 0.929 0.765 0.929 0.958 0.392 0.192 0.107 0.985 0.344 0.511 0.570 0.709 0.393 0.416 0.870 0.607 0.338 0.822 0.640 0.575 0.165 0.562 0.933 0.040 0.799 0.982 0.141 0.646 0.467 0.555 0.873 0.126 0.883 0.881 0.711 0.476 0.251 0.444 0.261 0.715 0.046 0.831 0.291 0.119 0.131 0.187 0.489 0.022 0.579 0.218 0.145 0.950 0.147 0.805 0.871 0.055 0.836 0.769
0.868 0.266 0.275 0.532 0.042 0.908 0.421 0.739 0.924 0.437 0.102 0.728 0.366 0.166 0.895 0.992 0.650 0.026 0.756 0.755 0.586 0.469 0.033 0.569 0.537 1.000 0.087 0.278 0.664 0.718 0.058 0.056 0.157 0.975 0.484 0.059 0.512 0.558 0.004 0.106 0.556 0.428 0.892 0.051 0.157 0.731 0.311 0.220 0.896 0.188 0.555 0.883 0.880 0.568 0.997 0.423 0.657 0.755 0.714 0.875 0.650 0.036 0.881 0.999 0.279 0.176 0.995 0.381 0.976 0.005 0.324 0.830 0.045 0.802 0.283 0.076 0.031 0.760 0.835 0.028 0.513 0.812 0.433 0.161 0.944 0.259 0.163 0.648 0.361 0.647 0.775 0.147 0.051 0.263 0.520 0.211 0.493 0.550 0.366 0.003
0.467 0.275 0.954 0.253 0.416 0.836 0.403 0.601 0.293 0.635 0.254 0.912 0.109 0.748 0.067 0.597 0.233 0.884 0.624 0.787 0.437 0.408 0.248 0.368 0.932 0.087 1.000 0.478 0.027 0.434 0.274 0.563 0.895 0.425 0.254 0.872 0.160 0.731 0.800 0.591 0.462 0.379 0.424 0.403 0.549 0.538 0.911 0.633 0.802 0.989 0.254 0.572 0.147 0.090 0.159 0.524 0.174 0.709 0.375 0.545 0.209 0.858 0.658 0.631 0.783 0.109 0.931 0.458 0.084 0.278 0.673 0.676 0.953 0.706 0.519 0.464 0.592 0.322 0.220 0.017 0.703 0.912 0.514 0.621 0.147 0.497 0.574 0.860 0.493 0.171 0.880 0.309 0.078 0.215 0.018 0.666 0.661 0.521 0.148 0.266
0.521 0.582 0.225 0.068 0.315 0.451 0.588 0.646 0.719 0.010 0.446 0.829 0.031 0.351 0.191 0.909 0.973 0.550 0.070 0.222 0.805 0.086 0.069 0.237 0.373 0.278 0.478 1.000 0.136 0.914 0.533 0.955 0.953 0.115 0.126 0.777 0.377 0.167 0.264 0.008 0.793 0.801 0.179 0.019 0.901 0.050 0.415 0.991 0.385 0.808 0.051 0.799 0.321 0.966 0.094 0.066 0.754 0.660 0.251 0.272 0.395 0.123 0.860 0.330 0.004 0.937 0.859 0.143 0.543 0.916 0.961 0.506 0.573 0.460 0.261 0.737 0.722 0.667 0.134 0.785 0.058 0.796 0.233 0.977 0.129 0.576 0.536 0.876 0.896 0.281 0.528 0.462 0.521 0.378 0.108 0.956 0.774 0.390 0.725 0.373
0.176 0.956 0.593 0.781 0.311 0.078 0.446 0.486 0.254 0.793 0.277 0.368 0.386 0.603 0.591 0.409 0.516 0.273 0.527 0.636 0.997 0.977 0.286 0.480 0.564 0.664 0.027 0.136 1.000 0.175 0.048 0.364 0.099 0.347 0.686 0.230 0.778 0.350 0.348 0.929 0.927 0.143 0.502 0.450 0.769 0.445 0.627 0.257 0.605 0.357 0.507 0.489 0.108 0.658 0.796 0.174 0.349 0.285 0.009 0.138 0.639 0.089 0.916 0.934 0.485 0.652 0.814 0.913 0.620 0.136 0.987 0.762 0.678 0.828 0.054 0.361 0.339 0.578 0.150 0.389 0.501 0.345 0.901 0.545 0.937 0.094 0.297 0.309 0.865 0.883 0.708 0.027 0.100 0.449 0.959 0.211 0.542 0.710 0.031 0.780
0.848 0.489 0.741 0.880 0.730 0.918 0.621 0.760 0.461 0.657 0.167 0.051 0.443 0.948 0.451 0.364 0.852 0.431 0.599 0.327 0.499 0.994 0.297 0.197 0.739 0.718 0.434 0.914 0.175 1.000 0.708 0.394 0.717 0.968 0.707 0.238 0.008 0.040 0.881 0.458 0.484 0.919 0.050 0.146 0.008 0.150 0.426 0.340 0.276 0.709 0.945 0.602 0.860 0.865 0.348 0.843 0.502 0.199 0.863 0.042 0.335 0.333 0.576 0.639 0.871 0.055 0.402 0.308 0.312 0.950 0.373 0.408 0.967 0.522 0.737 0.984 0.375 0.459 0.378 0.032 0.186 0.576 0.742 0.450 0.851 0.364 0.274 0.925 0.203 0.393 0.185 0.563 0.205 0.560 0.698 0.148 0.334 0.145 1.000 0.547
0.923 0.085 0.709 0.907 0.553 0.587 0.918 0.585 0.715 0.881 0.565 0.812 0.393 0.985 0.858 0.787 0.972 0.930 0.153 0.117 0.424 0.907 0.338 0.544 0.755 0.058 0.274 0.533 0.048 0.708 1.000 0.839 0.717 0.662 0.925 0.935 0.704 0.339 0.422 0.704 0.880 0.677 0.214 0.538 0.784 0.940 0.483 0.107 0.383 0.973 0.144 0.855 0.174 0.978 0.413 0.621 0.513 0.678 0.609 0.033 0.174 0.908 0.064 0.292 0.190 0.140 0.066 0.483 0.086 0.791 0.509 0.452 0.261 0.559 0.895 0.636 0.777 0.630 0.795 0.685 0.969 0.457 0.418 0.520 0.730 0.822 0.457 0.675 0.746 0.499 0.480 0.529 0.565 0.634 0.026 0.135 0.583 0.871 0.785 0.076
0.090 0.159 0.291 0.460 0.819 0.826 0.314 0.471 0.247 0.705 0.429 0.256 0.696 0.845 0.448 0.902 0.843 0.197 0.945 0.168 0.517 0.003 0.567 0.219 0.516 0.056 0.563 0.955 0.364 0.394 0.839 1.000 0.201 0.666 0.578 0.509 0.612 0.356 0.009 0.319 0.491 0.786 0.754 0.960 0.305 0.870 0.956 0.098 0.558 0.369 0.510 0.797 0.828 0.092 0.692 0.558 0.954 0.149 0.212 0.195 0.194 0.329 0.270 0.104 0.760 0.016 0.398 0.669 0.072 0.473 0.853 0.927 0.387 0.479 0.132 0.986 0.221 0.466 0.622 0.053 0.630 0.738 0.802 0.788 0.533 0.299 0.980 0.192 0.862 0.572 0.311 0.951 0.298 0.205 0.924 0.263 0.647 0.806 0.265 0.003
0.065 0.086 0.810 0.491 0.312 0.517 0.320 0.776 0.979 0.622 0.492 0.393 0.978 0.095 0.695 0.449 0.966 0.579 0.012 0.679 0.315 0.653 0.960 0.687 0.507 0.157 0.895 0.953 0.099 0.717 0.717 0.201 1.000 0.711 0.770 0.884 0.443 0.407 0.390 0.141 0.381 0.745 0.673 0.392 0.294 0.386 0.242 0.105 0.816 0.181 0.304 0.681 0.379 0.094 0.639 0.923 0.859 0.486 0.248 0.884 0.325 0.833 0.433 0.992 0.048 0.842 0.587 0.209 0.758 0.177 0.736 0.148 0.624 0.441 0.570 0.195 0.443 0.207 0.593 0.040 0.782 0.014 0.447 0.648 0.035 0.108 0.373 0.328 0.117 0.454 0.433 0.463 0.431 0.345 0.958 0.726 0.084 0.435 0.567 0.082
0.768 0.128 0.626 0.154 0.864 0.996 0.522 0.856 0.973 0.724 0.910 0.416 0.042 0.628 0.655 0.220 0.859 0.527 0.203 0.893 0.874 0.846 0.579 0.317 0.584 0.975 0.425 0.115 0.347 0.968 0.662 0.666 0.711 1.000 0.655 0.371 0.117 0.580 0.181 0.844 0.046 0.023 0.152 0.145 0.915 0.408 0.504 0.123 0.777 0.851 0.375 0.700 0.250 0.292 0.710 0.886 0.209 0.691 0.340 0.616 0.039 0.756 0.209 0.993 0.817 0.162 0.759 0.155 0.503 0.013 0.723 0.322 0.744 0.763 0.740 0.149 0.534 0.802 0.698 0.242 0.600 0.643 0.051 0.627 0.105 0.562 0.940 0.001 0.050 0.937 0.808 0.679 0.933 0.129 0.691 0.887 0.927 0.336 0.183 0.702
0.001 0.426 0.549 0.763 0.617 0.851 0.243 0.245 0.920 0.948 0.088 0.798 0.473 0.492 0.399 0.265 0.694 0.319 0.551 0.158 0.795 0.660 0.535 0.201 0.119 0.484 0.254 0.126 0.686 0.707 0.925 0.578 0.770 0.655 1.000 0.553 0.747 0.050 0.498 0.617 0.885 0.551 0.684 0.469 0.187 0.788 0.061 0.965 0.785 0.683 0.359 0.371 0.214 0.948 0.429 0.131 0.875 0.444 0.010 0.753 0.518 0.258 0.065 0.933 0.206 0.709 0.615 0.586 0.007 0.370 0.468 0.444 0.520 0.143 0.217 0.125 0.065 0.332 0.525 0.303 0.208 0.343 0.629 0.953 0.765 0.225 0.558 0.286 0.101 0.440 0.084 0.435 0.718 0.247 0.629 0.421 0.704 0.779 0.155 0.994
0.878 0.997 0.560 0.551 0.850 0.209 0.558 0.904 0.729 0.449 0.458 0.700 0.269 0.951 0.924 0.966 0.985 0.484 0.361 0.786 0.398 0.437 0.409 0.363 0.483 0.059 0.872 0.777 0.230 0.238 0.935 0.509 0.884 0.371 0.553 1.000 0.792 0.420 0.218 0.971 0.358 0.351 0.718 0.450 0.785 0.353 0.140 0.267 0.599 0.524 0.430 0.301 0.642 0.917 0.945 0.209 0.576 0.871 0.231 0.587 0.011 0.822 0.374 0.136 0.783 0.396 0.742 0.623 0.284 0.338 0.871 0.284 0.134 0.170 0.866 0.971 0.024 0.568 0.219 0.691 0.268 0.005 0.742 0.721 0.393 0.398 0.903 0.058 0.589 0.839 0.719 0.193 0.473 0.444 0.990 0.756 0.568 0.315 0.331 0.774
0.317 0.920 0.074 0.199 0.954 0.874 0.658 0.979 0.041 0.390 0.923 0.608 0.917 0.201 0.765 0.005 0.966 0.529 0.203 0.532 0.125 0.604 0.913 0.180 0.485 0.512 0.160 0.377 0.778 0.008 0.704 0.612 0.443 0.117 0.747 0.792 1.000 0.749 0.087 0.809 0.944 0.287 0.515 0.387 0.689 0.202 0.272 0.248 0.419 0.179 0.190 0.961 0.149 0.986 0.619 0.749 0.096 0.219 0.842 0.787 0.871 0.801 0.156 0.276 0.318 0.865 0.608 0.770 0.596 0.102 0.621 0.618 0.257 0.834 0.551 0.433 0.543 0.744 0.514 0.173 0.972 0.230 0.449 0.980 0.798 0.894 0.645 0.526 0.721 0.353 0.026 0.735 0.367 0.053 0.258 0.478 0.430 0.727 0.029 0.641
0.562 0.513 0.232 0.066 0.058 0.892 0.808 0.598 0.861 0.379 0.080 0.425 0.561 0.468 0.757 0.465 0.113 0.118 0.825 0.109 0.724 0.686 0.228 0.007 0.933 0.558 0.731 0.167 0.350 0.040 0.339 0.356 0.407 0.580 0.050 0.420 0.749 1.000 0.142 0.300 0.839 0.909 0.499 0.237 0.340 0.180 0.065 0.339 0.640 0.618 0.598 0.421 0.163 0.310 0.259 0.756 0.865 0.126 0.137 0.337 0.357 0.942 0.275 0.097 0.740 0.039 0.110 0.583 0.770 0.631 0.468 0.431 0.764 0.783 0.342 0.719 0.094 0.551 0.810 0.255 0.698 0.405 0.472 0.604 0.839 0.074 0.355 0.281 0.758 0.592 0.212 0.001 0.345 0.629 0.885 0.574 0.659 0.131 0.481 0.413
0.582 0.607 0.437 0.975 0.958 0.922 0.184 0.428 0.794 0.211 0.652 0.731 0.819 0.507 0.153 0.103 0.900 0.122 0.098 0.732 0.254 0.542 0.459 0.684 0.360 0.004 0.800 0.264 0.348 0.881 0.422 0.009 0.390 0.181 0.498 0.218 0.087 0.142 1.000 0.890 0.708 0.773 0.976 0.957 0.067 0.366 0.368 0.709 0.198 0.197 0.632 0.265 0.554 0.847 0.980 0.417 0.753 0.438 0.682 0.882 0.910 0.665 0.283 0.912 0.089 0.560 0.933 0.284 0.495 0.911 0.638 0.514 0.757 0.837 0.913 0.603 0.573 0.336 0.537 0.329 0.749 0.608 0.599 0.350 0.859 0.408 0.696 0.519 0.948 0.265 0.155 0.978 0.554 0.455 0.257 0.752 0.876 0.564 0.708 0.259
0.830 0.093 0.657 0.538 0.067 0.868 0.485 0.515 0.592 0.604 0.268 0.184 0.032 0.724 0.101 0.458 0.901 0.383 0.739 0.528 0.097 0.037 0.206 0.904 0.797 0.106 0.591 0.008 0.929 0.458 0.704 0.319 0.141 0.844 0.617 0.971 0.809 0.300 0.890 1.000 0.183 0.635 0.365 0.025 0.894 0.237 0.048 0.348 0.857 0.808 0.847 0.323 0.057 0.547 0.031 0.628 0.595 0.645 0.297 0.274 0.928 0.212 0.600 0.074 0.013 0.827 0.429 0.849 0.949 0.148 0.682 0.129 0.539 0.022 0.527 0.201 0.018 0.271 0.958 0.357 0.213 0.116 0.680 0.035 0.186 0.913 0.462 0.685 0.211 0.893 0.160 0.809 0.795 0.548 0.328 0.280 0.577 0.601 0.210 0.997
0.361 0.831 0.527 0.676 0.997 0.011 0.669 0.243 0.609 0.484 0.539 0.615 0.783 0.874 0.761 0.633 0.043 0.675 0.357 0.471 0.669 0.711 0.464 0.282 0.542 0.556 0.462 0.793 0.927 0.484 0.880 0.491 0.381 0.046 0.885 0.358 0.944 0.839 0.708 0.183 1.000 0.711 0.881 0.133 0.763 0.992 0.633 0.642 0.257 0.688 0.438 0.003 0.327 0.776 0.713 0.242 0.810 0.703 0.722 0.191 0.639 0.974 0.663 0.229 0.498 0.546 0.787 0.652 0.802 0.319 0.366 0.780 0.349 0.677 0.843 0.254 0.339 0.394 0.551 0.088 0.503 0.151 0.221 0.571 0.460 0.731 0.652 0.466 0.441 0.301 0.784 0.071 0.181 0.385 0.396 0.803 0.000 0.319 0.228 0.915
0.217 0.806 0.827 0.003 0.654 0.669 0.455 0.509 0.180 0.322 0.156 0.604 0.994 0.866 0.234 0.794 0.423 0.609 0.569 0.717 0.508 0.137 0.391 0.519 0.667 0.428 0.379 0.801 0.143 0.919 0.677 0.786 0.745 0.023 0.551 0.351 0.287 0.909 0.773 0.635 0.711 1.000 0.229 0.146 0.327 0.018 0.241 0.735 0.108 0.037 0.645 0.955 0.083 0.350 0.758 0.998 0.054 0.241 0.938 0.703 0.796 0.482 0.077 0.111 0.776 0.858 0.103 0.565 0.061 0.267 0.003 0.485 0.775 0.363 0.178 0.971 0.563 0.455 0.942 0.901 0.245 0.974 0.504 0.834 0.853 0.575 0.193 0.382 0.639 0.186 0.624 0.642 0.144 0.852 0.090 0.887 0.038 0.323 0.771 0.208
0.493 0.567 0.154 0.759 0.200 0.440 0.645 0.763 0.699 0.102 0.670 0.108 0.517 0.169 0.996 0.359 0.261 0.369 0.422 0.069 0.513 0.317 0.127 0.741 0.929 0.892 0.424 0.179 0.502 0.050 0.214 0.754 0.673 0.152 0.684 0.718 0.515 0.499 0.976 0.365 0.881 0.229 1.000 0.736 0.379 0.651 0.032 0.851 0.603 0.519 0.758 0.225 0.713 0.796 0.237 0.687 0.820 0.637 0.950 0.887 0.431 0.055 0.429 0.680 0.006 0.591 0.709 0.150 0.699 0.639 0.061 0.082 0.926 0.298 0.185 0.049 0.131 0.285 0.035 0.411 0.532 0.113 0.584 0.450 0.257 0.129 0.559 0.351 0.683 0.887 0.504 0.928 0.601 0.623 0.819 0.762 0.842 0.339 0.342 0.938
0.637 0.641 0.786 0.902 0.713 0.620 0.024 0.902 0.851 0.533 0.607 0.685 0.705 0.946 0.404 0.702 0.290 0.769 0.785 0.641 0.426 0.070 0.473 0.624 0.765 0.051 0.403 0.019 0.450 0.146 0.538 0.960 0.392 0.145 0.469 0.450 0.387 0.237 0.957 0.025 0.133 0.146 0.736 1.000 0.290 0.542 0.109 0.301 0.363 0.721 0.445 0.942 0.915 0.422 0.012 0.571 0.782 0.696 0.824 0.572 0.850 0.484 0.992 0.933 0.059 0.178 0.124 0.693 0.426 0.400 0.230 0.993 0.718 0.065 0.135 0.595 0.992 0.594 0.289 0.265 0.759 0.094 0.602 0.354 0.826 0.346 0.423 0.680 0.833 0.606 0.861 0.415 0.734 0.995 0.493 0.312 0.353 0.982 0.202 0.892
0.865 0.673 0.077 0.828 0.546 0.564 0.334 0.689 0.760 0.064 0.710 0.219 0.736 0.442 0.354 0.240 0.432 0.962 0.249 0.771 0.400 0.250 0.723 0.599 0.929 0.157 0.549 0.901 0.769 0.008 0.784 0.305 0.294 0.915 0.187 0.785 0.689 0.340 0.067 0.894 0.763 0.327 0.379 0.290 1.000 0.524 0.692 0.960 0.858 0.714 0.467 0.122 0.521 0.220 0.251 0.255 0.076 0.951 0.386 0.460 0.646 0.207 0.150 0.899 0.267 0.041 0.855 0.252 0.704 0.571 0.347 0.821 0.836 0.023 0.321 0.535 0.487 0.752 0.004 0.526 0.147 0.124 0.418 0.150 0.571 0.965 0.364 0.470 0.090 0.362 0.315 0.826 0.343 0.272 0.851 0.133 0.183 0.591 0.633 0.470
0.709 0.726 0.488 0.475 0.947 0.715 0.329 0.866 0.436 0.836 0.516 0.996 0.500 0.020 0.600 0.447 0.234 0.404 0.425 0.558 0.298 0.379 0.475 0.698 0.958 0.731 0.538 0.050 0.445 0.150 0.940 0.870 0.386 0.408 0.788 0.353 0.202 0.180 0.366 0.237 0.992 0.018 0.651 0.542 0.524 1.000 0.855 0.722 0.115 0.209 0.038 0.181 0.701 0.831 0.741 0.408 0.976 0.608 0.377 0.511 0.612 0.487 0.037 0.021 0.757 0.594 0.660 0.935 0.270 0.175 0.313 0.014 0.891 0.222 0.864 0.247 0.182 0.268 0.033 0.752 0.498 0.614 0.284 0.685 0.126 0.580 0.113 0.792 0.910 0.796 0.879 0.640 0.143 0.919 0.824 0.716 0.160 0.049 0.502 0.434
0.894 0.015 0.608 0.719 0.673 0.973 0.426 0.072 0.914 0.814 0.271 0.828 0.980 0.687 0.143 0.249 0.733 0.233 0.462 0.314 0.882 0.611 0.390 0.388 0.392 0.311 0.911 0.415 0.627 0.426 0.483 0.956 0.242 0.504 0.061 0.140 0.272 0.065 0.368 0.048 0.633 0.241 0.032 0.109 0.692 0.855 1.000 0.132 0.946 0.068 0.727 0.948 0.432 0.204 0.474 0.818 0.302 0.571 0.754 0.209 0.951 0.276 0.965 0.736 0.763 0.982 0.827 0.308 0.910 0.960 0.098 0.777 0.521 0.756 0.103 0.307 0.143 0.641 0.338 0.297 0.187 0.558 0.954 0.521 1.000 0.274 0.565 0.811 0.755 0.473 0.661 0.683 0.452 0.687 0.525 0.040 0.688 0.945 0.177 0.581
0.538 0.543 0.531 0.738 0.884 0.555 0.885 0.655 0.057 0.556 0.001 0.407 0.256 0.258 0.550 0.264 0.244 0.784 0.095 0.182 0.343 0.891 0.588 0.957 0.192 0.220 0.633 0.991 0.257 0.340 0.107 0.098 0.105 0.123 0.965 0.267 0.248 0.339 0.709 0.348 0.642 0.735 0.851 0.301 0.960 0.722 0.132 1.000 0.845 0.260 0.951 0.384 0.185 0.163 0.782 0.215 0.427 0.721 0.017 0.588 0.988 0.493 0.713 0.606 0.942 0.184 0.700 0.844 0.116 0.044 0.425 0.238 0.099 0.206 0.313 0.998 0.866 0.360 0.312 0.618 0.312 0.310 0.610 0.808 0.554 0.684 0.248 0.019 0.025 0.215 0.033 0.196 0.624 0.545 0.903 0.448 0.488 0.335 0.031 0.021
0.803 0.013 0.539 0.716 0.734 0.963 0.963 0.036 0.951 0.509 0.334 0.777 0.724 0.522 0.177 0.896 0.628 0.226 0.085 0.903 0.151 0.674 0.777 0.747 0.107 0.896 0.802 0.385 0.605 0.276 0.383 0.558 0.816 0.777 0.785 0.599 0.419 0.640 0.198 0.857 0.257 0.108 0.603 0.363 0.858 0.115 0.946 0.845 1.000 0.933 0.972 0.071 0.274 0.729 0.076 0.414 0.123 0.601 0.860 0.984 0.283 0.911 0.263 0.082 0.680 0.831 0.416 0.292 0.304 0.696 0.457 0.983 0.879 0.248 0.102 0.171 0.064 0.068 0.842 0.492 0.679 0.593 0.565 0.867 0.536 0.066 0.419 0.319 0.443 0.679 0.885 0.149 0.825 0.365 0.780 0.535 0.794 0.195 0.910 0.080
0.030 0.510 0.307 0.366 0.471 0.537 0.376 0.515 0.723 0.382 0.004 0.416 0.032 0.822 0.198 0.847 0.141 0.586 0.564 0.940 0.196 0.832 0.662 0.526 0.985 0.188 0.989 0.808 0.357 0.709 0.973 0.369 0.181 0.851 0.683 0.524 0.179 0.618 0.197 0.808 0.688 0.037 0.519 0.721 0.714 0.209 0.068 0.260 0.933 1.000 0.163 0.311 0.161 0.185 0.271 0.476 0.564 0.835 0.392 0.230 0.240 0.423 0.366 0.011 0.164 0.510 0.504 0.361 0.851 0.058 0.801 0.901 0.940 0.265 0.450 0.618 0.325 0.038 0.191 0.403 0.817 0.501 0.101 0.575 0.785 0.251 0.044 0.848 0.197 0.009 0.806 0.943 0.828 0.684 0.368 0.206 0.165 0.692 0.251 0.434
0.611 0.453 0.814 0.272 0.660 0.556 0.400 0.680 0.362 0.513 0.672 0.637 0.787 0.601 0.605 0.105 0.029 0.492 0.764 0.468 0.269 0.573 0.746 0.470 0.344 0.555 0.254 0.051 0.507 0.945 0.144 0.510 0.304 0.375 0.359 0.430 0.190 0.598 0.632 0.847 0.438 0.645 0.758 0.445 0.467 0.038 0.727 0.951 0.972 0.163 1.000 0.296 0.709 0.504 0.210 0.963 0.266 0.556 0.870 0.670 0.893 0.275 0.675 0.473 0.479 0.272 0.509 0.158 0.059 0.694 0.311 0.718 0.322 0.482 0.204 0.613 0.572 0.155 0.660 0.704 0.029 0.103 0.667 0.137 0.352 0.303 0.330 0.807 0.878 0.538 0.340 0.728 0.514 0.540 0.065 0.400 0.027 0.789 0.380 0.145
0.137 0.849 0.686 0.356 0.655 0.646 0.233 0.183 0.689 0.325 0.183 0.664 0.193 0.543 0.538 0.322 0.552 0.573 0.124 0.793 0.136 0.004 0.075 0.937 0.511 0.883 0.572 0.799 0.489 0.602 0.855 0.797 0.681 0.700 0.371 0.301 0.961 0.421 0.265 0.323 0.003 0.955 0.225 0.942 0.122 0.181 0.948 0.384 0.071 0.311 0.296 1.000 0.440 0.154 0.889 0.616 0.964 0.861 0.044 0.228 0.127 0.730 0.690 0.704 0.329 0.346 0.865 0.193 0.413 0.737 0.542 0.048 0.525 0.203 0.486 0.235 0.338 0.568 0.104 0.338 0.925 0.359 0.357 0.350 0.724 0.471 0.231 0.220 0.841 0.579 0.192 0.712 0.635 0.112 0.684 0.027 0.500 0.175 0.973 0.698
0.572 0.166 0.496 0.190 0.104 0.331 0.538 0.768 0.376 0.376 0.438 0.837 0.472 0.576 0.240 0.521 0.851 0.876 0.868 0.773 0.173 0.949 0.208 0.363 0.570 0.880 0.147 0.321 0.108 0.860 0.174 0.828 0.379 0.250 0.214 0.642 0.149 0.163 0.554 0.057 0.327 0.083 0.713 0.915 0.521 0.701 0.432 0.185 0.274 0.161 0.709 0.440 1.000 0.727 0.320 0.756 0.667 0.595 0.717 0.582 0.695 0.839 0.735 0.265 0.020 0.744 0.914 0.572 0.839 0.751 0.492 0.494 0.487 0.869 0.390 0.592 0.128 0.254 0.300 0.321 0.379 0.963 0.973 0.007 0.761 0.897 0.422 0.758 0.211 0.375 0.659 0.169 0.372 0.916 0.381 0.818 0.908 0.557 0.291 0.930
0.474 0.440 0.518 0.553 0.028 0.147 0.761 0.345 0.182 0.865 0.535 0.607 0.094 0.869 0.273 0.703 0.522 0.795 0.274 0.646 0.510 0.109 0.106 0.614 0.709 0.568 0.090 0.966 0.658 0.865 0.978 0.092 0.094 0.292 0.948 0.917 0.986 0.310 0.847 0.547 0.776 0.350 0.796 0.422 0.220 0.831 0.204 0.163 0.729 0.185 0.504 0.154 0.727 1.000 0.217 0.672 0.770 0.679 0.553 0.365 0.988 0.113 0.226 0.304 0.714 0.834 0.713 0.757 0.300 0.421 0.924 0.352 0.560 0.244 0.945 0.066 0.087 0.384 0.704 0.799 0.337 0.735 0.900 0.587 0.558 0.251 0.346 0.226 0.775 0.310 0.415 0.658 0.361 0.493 0.877 0.294 0.750 0.074 0.962 0.771
0.080 0.621 0.050 0.907 0.682 0.538 0.489 0.967 0.748 0.276 0.009 0.488 0.299 0.393 0.168 0.765 0.549 0.055 0.013 0.420 0.500 0.085 0.242 0.291 0.393 0.997 0.159 0.094 0.796 0.348 0.413 0.692 0.639 0.710 0.429 0.945 0.619 0.259 0.980 0.031 0.713 0.758 0.237 0.012 0.251 0.741 0.474 0.782 0.076 0.271 0.210 0.889 0.320 0.217 1.000 0.681 0.215 0.201 0.366 0.510 0.149 0.944 0.786 0.558 0.230 0.790 0.152 0.122 0.347 0.086 0.515 0.321 0.788 0.756 0.749 0.317 0.612 0.488 0.524 0.135 0.940 0.041 0.003 0.135 0.961 0.105 0.356 0.974 0.493 0.332 0.130 0.536 0.728 0.480 0.859 0.308 0.352 0.324 0.928 0.163
0.416 0.980 0.598 0.404 0.836 0.400 0.955 0.228 0.271 0.145 0.911 0.967 0.529 0.857 0.262 0.618 0.143 0.876 0.669 1.000 0.555 0.568 0.283 0.745 0.416 0.423 0.524 0.066 0.174 0.843 0.621 0.558 0.923 0.886 0.131 0.209 0.749 0.756 0.417 0.628 0.242 0.998 0.687 0.571 0.255 0.408 0.818 0.215 0.414 0.476 0.963 0.616 0.756 0.672 0.681 1.000 0.367 0.607 0.737 0.296 0.994 0.590 0.201 0.532 0.229 0.209 0.481 0.230 0.310 0.629 0.485 0.672 0.424 0.907 0.540 0.479 0.742 0.007 0.182 0.503 0.015 0.410 0.220 0.444 0.142 0.422 0.161 0.655 0.217 0.563 0.567 0.192 0.270 0.460 0.088 0.422 0.653 0.964 0.919 0.955
0.368 0.624 0.706 0.376 0.091 0.710 0.116 0.446 0.859 0.047 0.754 0.308 0.703 0.966 0.129 0.683 0.632 0.744 0.143 0.711 0.365 0.368 0.820 0.828 0.870 0.657 0.174 0.754 0.349 0.502 0.513 0.954 0.859 0.209 0.875 0.576 0.096 0.865 0.753 0.595 0.810 0.054 0.820 0.782 0.076 0.976 0.302 0.427 0.123 0.564 0.266 0.964 0.667 0.770 0.215 0.367 1.000 0.023 0.684 0.499 0.005 0.694 0.201 0.532 0.970 0.841 0.895 0.702 0.729 0.670 0.091 0.854 0.579 0.843 0.873 0.993 0.008 0.116 0.506 0.164 0.845 0.858 0.422 0.248 0.518 0.907 0.822 0.426 0.115 0.807 0.418 0.768 0.036 0.722 0.241 0.190 0.336 0.871 0.179 0.875
0.157 0.547 0.088 0.681 0.730 0.412 0.319 0.032 0.981 0.284 0.776 0.679 0.458 0.425 0.490 0.172 0.205 0.846 0.455 0.434 0.977 0.680 0.012 0.616 0.607 0.755 0.709 0.660 0.285 0.199 0.678 0.149 0.486 0.691 0.444 0.871 0.219 0.126 0.438 0.645 0.703 0.241 0.637 0.696 0.951 0.608 0.571 0.721 0.601 0.835 0.556 0.861 0.595 0.679 0.201 0.607 0.023 1.000 0.426 0.621 0.107 0.484 0.386 0.332 0.933 0.565 0.815 0.328 0.545 0.316 0.844 0.945 0.896 0.682 0.376 0.023 0.461 0.231 0.907 0.271 0.743 0.775 0.852 0.835 0.025 0.111 0.161 0.999 0.441 0.588 0.105 0.008 0.117 0.219 0.977 0.268 0.731 0.390 0.600 0.665
0.939 0.761 0.023 0.697 0.704 0.662 0.850 0.939 0.198 0.970 0.841 0.531 0.848 0.868 0.786 0.403 0.853 0.616 0.525 0.778 0.420 0.777 0.621 0.922 0.338 0.714 0.375 0.251 0.009 0.863 0.609 0.212 0.248 0.340 0.010 0.231 0.842 0.137 0.682 0.297 0.722 0.938 0.950 0.824 0.386 0.377 0.754 0.017 0.860 0.392 0.870 0.044 0.717 0.553 0.366 0.737 0.684 0.426 1.000 0.978 0.814 0.782 0.930 0.001 0.531 0.761 0.481 0.571 0.368 0.552 0.710 0.872 0.804 0.109 0.709 0.094 0.341 0.816 0.056 0.546 0.557 0.700 0.946 0.831 0.760 0.793 0.033 0.663 0.055 0.542 0.413 0.976 0.567 0.619 0.079 0.264 0.971 0.211 0.343 0.971
0.330 0.190 0.971 0.437 0.352 0.273 0.281 0.894 0.410 0.770 0.651 0.640 0.376 0.384 0.726 0.409 0.609 0.058 0.307 0.881 0.925 0.979 0.419 0.298 0.822 0.875 0.545 0.272 0.138 0.042 0.033 0.195 0.884 0.616 0.753 0.587 0.787 0.337 0.882 0.274 0.191 0.703 0.887 0.572 0.460 0.511 0.209 0.588 0.984 0.230 0.670 0.228 0.582 0.365 0.510 0.296 0.499 0.621 0.978 1.000 0.275 0.176 0.504 0.076 0.096 0.172 0.186 0.949 0.780 0.973 0.993 0.027 0.884 0.421 0.474 0.987 0.688 0.172 0.744 0.660 0.180 0.190 0.884 0.250 0.474 0.234 0.123 0.704 0.361 0.676 0.062 0.108 0.599 0.461 0.110 0.562 0.576 0.150 0.911 0.016
0.993 0.109 0.713 0.687 0.367 0.942 0.811 0.135 0.584 0.182 0.225 0.568 0.822 0.237 0.146 0.573 0.980 0.846 0.619 0.749 0.193 0.449 0.013 0.814 0.640 0.650 0.209 0.395 0.639 0.335 0.174 0.194 0.325 0.039 0.518 0.011 0.871 0.357 0.910 0.928 0.639 0.796 0.431 0.850 0.646 0.612 0.951 0.988 0.283 0.240 0.893 0.127 0.695 0.988 0.149 0.994 0.005 0.107 0.814 0.275 1.000 0.873 0.087 0.909 0.951 0.935 0.892 0.278 0.014 0.889 0.738 0.502 0.697 0.768 0.605 0.103 0.974 0.240 0.686 0.297 0.574 0.903 0.602 0.177 0.741 0.299 0.441 0.697 0.852 0.782 0.797 0.022 0.714 0.534 0.719 0.005 0.008 0.371 0.597 0.490
0.391 0.782 0.246 0.865 0.295 0.408 0.343 0.090 0.508 0.642 0.479 0.233 0.326 0.533 0.083 0.151 0.371 0.148 0.741 0.788 0.654 0.646 0.745 0.244 0.575 0.036 0.858 0.123 0.089 0.333 0.908 0.329 0.833 0.756 0.258 0.822 0.801 0.942 0.665 0.212 0.974 0.482 0.055 0.484 0.207 0.487 0.276 0.493 0.911 0.423 0.275 0.730 0.839 0.113 0.944 0.590 0.694 0.484 0.782 0.176 0.873 1.000 0.811 0.222 0.825 0.475 0.701 0.920 0.511 0.709 0.596 0.363 0.941 0.560 0.703 0.325 0.839 0.829 0.630 0.765 0.869 0.588 0.820 0.980 0.350 0.027 0.570 0.047 0.291 0.327 0.338 0.722 0.324 0.693 0.865 0.655 0.269 0.004 0.488 0.291
0.065 0.614 0.595 0.247 0.899 0.963 0.360 0.840 0.819 0.929 0.093 0.893 0.637 0.181 0.742 0.098 0.539 0.999 0.362 0.995 0.392 0.068 0.975 0.241 0.165 0.881 0.658 0.860 0.916 0.576 0.064 0.270 0.433 0.209 0.065 0.374 0.156 0.275 0.283 0.600 0.663 0.077 0.429 0.992 0.150 0.037 0.965 0.713 0.263 0.366 0.675 0.690 0.735 0.226 0.786 0.201 0.201 0.386 0.930 0.504 0.087 0.811 1.000 0.772 0.524 0.564 0.519 0.830 0.860 0.366 0.463 0.990 0.308 0.638 0.212 0.314 0.765 0.443 0.909 0.974 0.879 0.873 0.689 0.561 0.874 0.957 0.916 0.264 0.209 0.141 0.001 0.284 0.517 0.314 0.644 0.345 0.846 0.188 0.189 0.765
0.108 0.998 0.883 0.206 0.283 0.656 0.584 0.231 0.539 0.511 0.240 0.617 0.364 0.839 0.587 0.535 0.180 0.246 0.856 0.159 0.930 0.243 0.991 0.805 0.562 0.999 0.631 0.330 0.934 0.639 0.292 0.104 0.992 0.993 0.933 0.136 0.276 0.097 0.912 0.074 0.229 0.111 0.680 0.933 0.899 0.021 0.736 0.606 0.082 0.011 0.473 0.704 0.265 0.304 0.558 0.532 0.532 0.332 0.001 0.076 0.909 0.222 0.772 1.000 0.814 0.365 0.881 0.979 0.804 0.854 0.421 0.567 0.046 0.520 0.715 0.895 0.304 0.556 0.102 0.971 0.611 0.839 0.669 0.124 0.661 0.052 0.925 0.351 0.254 0.310 0.283 0.664 0.464 0.262 0.940 0.543 0.994 0.796 0.382 0.778
0.337 0.410 0.563 0.784 0.399 0.696 0.896 0.625 0.694 0.154 0.405 0.112 0.812 0.866 0.041 0.073 0.513 0.995 0.482 0.826 0.960 0.922 0.763 0.738 0.933 0.279 0.783 0.004 0.485 0.871 0.190 0.760 0.048 0.817 0.206 0.783 0.318 0.740 0.089 0.013 0.498 0.776 0.006 0.059 0.267 0.757 0.763 0.942 0.680 0.164 0.479 0.329 0.020 0.714 0.230 0.229 0.970 0.933 0.531 0.096 0.951 0.825 0.524 0.814 1.000 0.868 0.024 0.863 0.255 0.824 0.629 0.441 0.899 0.535 0.175 0.528 0.806 0.043 0.285 0.500 0.088 0.373 0.404 0.253 0.769 0.861 0.801 0.873 0.023 0.957 0.704 0.608 0.390 0.373 0.783 0.587 0.088 0.448 0.716 0.996
0.426 0.098 0.633 0.886 0.156 0.619 0.813 0.615 0.377 0.134 0.427 0.289 0.503 0.034 0.189 0.667 0.802 0.137 0.474 0.797 0.981 0.880 0.383 0.899 0.040 0.176 0.109 0.937 0.652 0.055 0.140 0.016 0.842 0.162 0.709 0.396 0.865 0.039 0.560 0.827 0.546 0.858 0.591 0.178 0.041 0.594 0.982 0.184 0.831 0.510 0.272 0.346 0.744 0.834 0.790 0.209 0.841 0.565 0.761 0.172 0.935 0.475 0.564 0.365 0.868 1.000 0.753 0.438 0.084 0.160 0.474 0.739 0.325 0.851 0.303 0.035 0.358 0.897 0.948 0.091 0.468 0.111 0.511 0.173 0.804 0.379 0.271 0.858 0.512 0.988 0.316 0.693 0.772 0.104 0.625 0.760 0.159 0.563 0.832 0.310
