1.000 0.757 0.973 0.670 0.215 0.523 0.165 0.643 0.664 0.215 0.685 0.071 0.235 0.378 0.644 0.108 0.892 0.971 0.950 0.043 0.885 0.765 0.011 0.739 0.170 0.106 0.356 0.237 0.137 0.705 0.367 0.114 0.132 0.629 0.941 0.281 0.361 0.072 0.861 0.087 0.869 0.902 0.998 0.278 0.175 0.319 0.866 0.859 0.886 0.219 0.619 0.686 0.764 0.599 0.848 0.427 0.751 0.007 0.057 0.454 0.437 0.340 0.675 0.693 0.167 0.143 0.752 0.357 0.587 0.085 0.827 0.540 0.747 0.852 0.731 0.073 0.470 0.345 0.713 0.814 0.177 0.232 0.284 0.204 0.628 0.702 0.129 0.862 0.256 0.776 0.249 0.537 0.514 0.611 0.056 0.242 0.217 0.523 0.088 0.930
0.757 1.000 0.271 0.874 0.929 0.628 0.682 0.869 0.925 0.450 0.720 0.975 0.449 0.908 0.515 0.211 0.406 0.180 0.029 0.773 0.361 0.349 0.267 0.989 0.309 0.860 0.106 0.857 0.326 0.225 0.300 0.854 0.378 0.078 0.762 0.599 0.568 0.356 0.778 0.228 0.819 0.693 0.872 0.480 0.316 0.657 0.746 0.242 0.150 0.951 0.638 0.997 0.089 0.312 0.679 0.023 0.804 0.231 0.111 0.646 0.005 0.995 0.403 0.609 0.699 0.278 0.250 0.269 0.053 0.090 0.038 0.959 0.151 0.221 0.670 0.831 0.211 0.944 0.590 0.988 0.745 0.363 0.360 0.921 0.069 0.730 0.740 0.474 0.411 0.190 0.574 0.741 0.088 0.875 0.033 0.536 0.465 0.101 0.252 0.178
0.973 0.271 1.000 0.882 0.913 0.872 0.583 0.465 0.657 0.525 0.065 0.736 0.102 0.133 0.776 0.691 0.583 0.876 0.300 0.784 0.359 0.439 0.748 0.666 0.667 0.975 0.055 0.277 0.572 0.481 0.492 0.609 0.166 0.845 0.564 0.369 0.200 0.960 0.591 0.884 0.666 0.162 0.552 0.554 0.962 0.040 0.776 0.402 0.271 0.075 0.801 0.055 0.901 0.512 0.538 0.663 0.060 0.772 0.239 0.612 0.691 0.151 0.433 0.427 0.388 0.410 0.279 0.542 0.242 0.219 0.761 0.114 0.192 0.605 0.161 0.588 0.716 0.258 0.122 0.583 0.457 0.965 0.735 0.340 0.717 0.489 0.141 0.487 0.426 0.160 0.960 0.521 0.552 0.782 0.372 0.885 0.430 0.912 0.596 0.285
0.670 0.874 0.882 1.000 0.037 0.899 0.582 0.270 0.907 0.061 0.228 0.486 0.583 0.515 0.876 0.800 0.475 0.170 0.989 0.560 0.619 0.825 0.870 0.846 0.059 0.563 0.903 0.307 0.828 0.339 0.878 0.279 0.903 0.928 0.773 0.760 0.370 0.295 0.400 0.807 0.372 0.148 0.202 0.488 0.190 0.429 0.300 0.128 0.982 0.641 0.048 0.229 0.532 0.591 0.922 0.864 0.797 0.642 0.846 0.978 0.491 0.337 0.261 0.593 0.548 0.851 0.259 0.448 0.496 0.043 0.658 0.799 0.752 0.611 0.387 0.805 0.260 0.771 0.985 0.174 0.899 0.019 0.634 0.949 0.450 0.649 0.080 0.261 0.781 0.794 0.388 0.030 0.781 0.087 0.738 0.548 0.204 0.316 0.467 0.180
0.215 0.929 0.913 0.037 1.000 0.147 0.847 0.206 0.412 0.153 0.864 0.474 0.194 0.856 0.895 0.219 0.933 0.276 0.229 0.679 0.683 0.496 0.403 0.733 0.681 0.490 0.460 0.182 0.561 0.844 0.066 0.268 0.021 0.965 0.207 0.650 0.141 0.732 0.467 0.340 0.937 0.947 0.723 0.096 0.236 0.387 0.332 0.888 0.070 0.091 0.317 0.638 0.162 0.732 0.110 0.581 0.039 0.606 0.254 0.760 0.783 0.568 0.123 0.365 0.301 0.690 0.353 0.941 0.502 0.340 0.593 0.028 0.018 0.321 0.335 0.339 0.872 0.896 0.224 0.688 0.961 0.985 0.519 0.153 0.347 0.010 0.104 0.401 0.601 0.578 0.986 0.118 0.377 0.190 0.436 0.093 0.673 0.219 0.498 0.356
0.523 0.628 0.872 0.899 0.147 1.000 0.562 0.757 0.665 0.631 0.984 0.788 0.933 0.958 0.883 0.930 0.396 0.529 0.585 0.374 0.428 0.563 0.337 0.560 0.552 0.797 0.150 0.746 0.842 0.917 0.262 0.294 0.335 0.200 0.807 0.725 0.003 0.234 0.540 0.565 0.296 0.846 0.120 0.391 0.378 0.269 0.441 0.347 0.100 0.180 0.416 0.783 0.303 0.438 0.722 0.677 0.959 0.705 0.664 0.931 0.103 0.421 0.435 0.981 0.911 0.648 0.638 0.553 0.349 0.247 0.386 0.581 0.259 0.738 0.700 0.913 0.464 0.506 0.663 0.022 0.749 0.527 0.535 0.697 0.911 0.377 0.781 0.916 1.000 0.101 0.591 0.992 0.820 0.484 0.704 0.920 0.939 0.577 0.034 0.465
0.165 0.682 0.583 0.582 0.847 0.562 1.000 0.739 0.793 0.953 0.748 0.365 0.307 0.289 0.086 0.234 0.234 0.269 0.802 0.863 0.600 0.688 0.091 0.608 0.207 0.099 0.444 0.759 0.929 0.106 0.269 0.097 0.898 0.238 0.744 0.284 0.521 0.372 0.728 0.789 0.845 0.156 0.696 0.253 0.955 0.685 0.374 0.714 0.426 0.613 0.958 0.205 0.432 0.526 0.379 0.174 0.191 0.457 0.176 0.345 0.834 0.990 0.479 0.381 0.617 0.382 0.131 0.286 0.137 0.142 0.092 0.929 0.443 0.480 0.509 0.702 0.174 0.124 0.767 0.195 0.282 0.953 0.910 0.750 0.343 0.903 0.501 0.872 0.885 0.928 0.674 0.391 0.591 0.860 0.216 0.613 0.248 0.709 0.892 0.802
0.643 0.869 0.465 0.270 0.206 0.757 0.739 1.000 0.764 0.578 0.880 0.378 0.504 0.511 0.071 0.035 0.744 0.313 0.707 0.300 0.256 0.100 0.655 0.429 0.079 0.228 0.223 0.127 0.429 0.925 0.415 0.056 0.293 0.202 0.108 0.930 0.995 0.661 0.775 0.332 0.993 0.799 0.217 0.190 0.226 0.431 0.146 0.325 0.107 0.667 0.785 0.160 0.678 0.511 0.507 0.370 0.462 0.815 0.221 0.885 0.975 0.816 0.340 0.297 0.657 0.524 0.681 0.527 0.238 0.546 0.667 0.523 0.025 0.016 0.159 0.577 0.895 0.603 0.899 0.626 0.764 0.654 0.939 0.599 0.592 0.769 0.282 0.032 0.395 0.578 0.366 0.528 0.018 0.507 0.703 0.701 0.131 0.568 0.441 0.123
0.664 0.925 0.657 0.907 0.412 0.665 0.793 0.764 1.000 0.980 0.888 0.875 0.634 0.834 0.764 0.666 0.797 0.595 0.701 0.344 0.674 0.333 0.159 0.679 0.059 0.452 0.371 0.884 0.127 0.828 0.656 0.954 0.252 0.353 0.197 0.609 0.849 0.523 0.163 0.807 0.192 0.908 0.471 0.341 0.231 0.342 0.410 0.275 0.453 0.903 0.887 0.228 0.889 0.716 0.347 0.355 0.815 0.273 0.521 0.659 0.745 0.575 0.555 0.605 0.685 0.697 0.776 0.539 0.131 0.636 0.019 0.899 0.596 0.690 0.439 0.941 0.042 0.231 0.653 0.877 0.180 0.123 0.312 0.564 0.543 0.342 0.893 0.703 0.753 0.711 0.609 0.305 0.478 0.843 0.538 0.934 0.525 0.678 0.088 0.536
0.215 0.450 0.525 0.061 0.153 0.631 0.953 0.578 0.980 1.000 0.552 0.196 0.817 0.824 0.978 0.569 0.857 0.597 0.420 0.170 0.725 0.022 0.473 0.161 0.977 0.120 0.473 0.127 0.803 0.079 0.764 0.737 0.135 0.117 0.884 0.504 0.268 0.752 0.974 0.526 0.422 0.820 0.665 0.063 0.941 0.439 0.469 0.657 0.324 0.380 0.051 0.203 0.168 0.620 0.266 0.013 0.777 0.375 0.340 0.469 0.346 0.429 0.744 0.332 0.468 0.719 0.215 0.589 0.263 0.846 0.419 0.974 0.864 0.060 0.366 0.225 0.939 0.495 0.202 0.636 0.553 0.060 0.641 0.852 0.456 0.053 0.894 0.900 0.200 0.002 0.488 0.069 0.789 0.984 0.725 0.706 0.431 0.547 0.697 0.543
0.685 0.720 0.065 0.228 0.864 0.984 0.748 0.880 0.888 0.552 1.000 0.417 0.078 0.957 0.829 0.194 0.332 0.754 0.175 0.765 0.261 0.757 0.899 0.503 0.425 0.192 0.503 0.413 0.325 0.862 0.721 0.551 0.620 0.622 0.497 0.355 0.650 0.296 0.055 0.888 0.733 0.656 0.973 0.444 0.110 0.200 0.473 0.426 0.125 0.807 0.887 0.589 0.052 0.951 0.680 0.688 0.851 0.865 0.072 0.943 0.012 0.673 0.708 0.054 0.798 0.512 0.107 0.763 0.577 0.578 0.062 0.481 0.571 0.208 0.418 0.260 0.221 0.944 0.903 0.965 0.642 0.806 0.454 0.494 0.957 0.769 0.411 0.519 0.397 0.518 0.109 0.075 0.194 0.332 0.790 0.047 0.457 0.308 0.324 0.378
0.071 0.975 0.736 0.486 0.474 0.788 0.365 0.378 0.875 0.196 0.417 1.000 0.500 0.473 0.295 0.432 0.110 0.656 0.957 0.496 0.586 0.662 0.576 0.202 0.982 0.773 0.875 0.026 0.074 0.649 0.312 0.772 0.971 0.218 0.257 0.347 0.431 0.417 0.385 0.022 0.667 0.713 0.855 0.474 0.681 0.527 0.332 0.606 0.237 0.532 0.757 0.410 0.741 0.886 0.441 0.442 0.262 0.822 0.635 0.948 0.418 0.188 0.123 0.542 0.446 0.455 0.504 0.674 0.254 0.558 0.267 0.320 0.939 0.152 0.754 0.904 0.849 0.401 0.269 0.802 0.423 0.162 0.551 0.149 0.874 0.297 0.875 0.313 0.523 0.199 0.387 0.378 0.976 0.895 0.817 0.068 0.783 0.461 0.874 0.361
0.235 0.449 0.102 0.583 0.194 0.933 0.307 0.504 0.634 0.817 0.078 0.500 1.000 0.261 0.260 0.693 0.948 0.044 0.930 0.562 0.911 0.690 0.130 0.162 0.170 0.745 0.964 0.454 0.248 0.792 0.905 0.966 0.440 0.132 0.911 0.470 0.435 0.618 0.495 0.987 0.839 0.496 0.295 0.581 0.415 0.846 0.248 0.046 0.233 0.778 0.011 0.039 0.760 0.999 0.489 0.200 0.505 0.743 0.753 0.361 0.836 0.886 0.219 0.267 0.175 0.547 0.826 0.845 0.561 0.118 0.175 0.921 0.175 0.003 0.192 0.388 0.928 0.812 0.544 0.249 0.802 0.485 0.756 0.399 0.640 0.104 0.065 0.631 0.745 0.155 0.463 0.049 0.547 0.432 0.419 0.670 0.218 0.478 0.636 0.842
0.378 0.908 0.133 0.515 0.856 0.958 0.289 0.511 0.834 0.824 0.957 0.473 0.261 1.000 0.231 0.758 0.279 0.843 0.876 0.570 0.696 0.724 0.299 0.976 0.530 0.975 0.512 0.101 0.224 0.148 0.237 0.781 0.708 0.333 0.921 0.463 0.366 0.874 0.268 0.634 0.055 0.633 0.996 0.159 0.050 0.251 0.403 0.928 0.479 0.602 0.758 0.077 0.381 0.205 0.582 0.273 0.930 0.847 0.284 0.109 0.654 0.400 0.688 0.715 0.923 0.674 0.910 0.517 0.174 0.394 0.170 0.542 0.785 0.036 0.816 0.070 0.663 0.178 0.427 0.721 0.939 0.722 0.168 0.870 0.113 0.402 0.588 0.804 0.159 0.346 0.043 0.905 0.875 0.284 0.058 0.995 0.522 0.954 0.806 0.560
0.644 0.515 0.776 0.876 0.895 0.883 0.086 0.071 0.764 0.978 0.829 0.295 0.260 0.231 1.000 0.998 0.034 0.164 0.127 0.698 0.373 0.004 0.404 0.537 0.598 0.519 0.810 0.315 0.254 0.267 0.588 0.314 0.020 0.438 0.528 0.175 0.192 0.311 0.285 0.393 0.042 0.582 0.862 0.976 0.405 0.974 0.505 0.655 0.158 0.726 0.324 0.948 0.887 0.298 0.896 0.553 0.438 0.945 0.249 0.111 0.998 0.828 0.501 0.943 0.282 0.896 0.326 0.610 0.543 0.945 0.882 0.407 0.209 0.641 0.351 0.539 0.834 0.121 0.593 0.450 0.057 0.832 0.824 0.003 0.308 0.530 0.373 0.211 0.028 0.652 0.749 0.537 0.588 0.605 0.433 0.620 0.390 0.308 0.307 0.590
0.108 0.211 0.691 0.800 0.219 0.930 0.234 0.035 0.666 0.569 0.194 0.432 0.693 0.758 0.998 1.000 0.660 0.231 0.648 0.157 0.952 0.413 0.022 0.353 0.590 0.307 0.841 0.749 0.024 0.664 0.592 0.798 0.968 0.045 0.082 0.683 0.169 0.304 0.248 0.012 0.289 0.887 0.247 0.832 0.453 0.647 0.562 0.272 0.838 0.712 0.848 0.967 0.583 0.348 0.237 0.850 0.573 0.841 0.760 0.103 0.694 0.060 0.458 0.970 0.722 0.899 0.769 0.723 0.604 0.867 0.659 0.728 0.911 0.207 0.878 0.918 0.835 0.665 0.728 0.256 0.781 0.931 0.493 0.633 0.342 0.729 0.765 0.315 0.228 0.228 0.673 0.098 0.967 0.182 0.404 0.628 0.316 0.749 0.860 0.652
0.892 0.406 0.583 0.475 0.933 0.396 0.234 0.744 0.797 0.857 0.332 0.110 0.948 0.279 0.034 0.660 1.000 0.507 0.994 0.182 0.315 0.820 0.273 0.216 0.004 0.108 0.999 0.423 0.284 0.774 0.186 0.811 0.610 0.489 0.831 0.038 0.248 0.737 0.150 0.239 0.105 0.881 0.032 0.948 0.578 0.274 0.240 0.962 0.389 0.793 0.088 0.805 0.948 0.422 0.007 0.684 0.230 0.001 0.551 0.652 0.992 0.198 0.772 0.133 0.890 0.788 0.237 0.145 0.812 0.221 0.819 0.273 0.858 0.960 0.732 0.572 0.416 0.384 0.181 0.330 0.022 0.743 0.342 0.716 0.308 0.312 0.369 0.250 0.648 0.945 0.043 0.108 0.782 0.774 0.138 0.734 0.497 0.968 0.244 0.873
0.971 0.180 0.876 0.170 0.276 0.529 0.269 0.313 0.595 0.597 0.754 0.656 0.044 0.843 0.164 0.231 0.507 1.000 0.482 0.899 0.601 0.638 0.660 0.884 0.077 0.104 0.494 0.286 0.994 0.397 0.299 0.168 0.036 0.897 0.215 0.750 0.376 0.898 0.249 0.016 0.525 0.873 0.513 0.299 0.394 0.240 0.673 0.398 0.603 0.210 0.393 0.453 0.650 0.931 0.634 0.740 0.943 0.100 0.933 0.923 0.319 0.991 0.244 0.984 0.718 0.195 0.136 0.594 0.459 0.645 0.796 0.264 0.421 0.807 0.071 0.473 0.691 0.374 0.588 0.024 0.853 0.069 0.074 0.038 0.896 0.365 0.408 0.952 0.814 0.046 0.877 0.780 0.865 0.677 0.274 0.542 0.216 0.166 0.122 0.462
0.950 0.029 0.300 0.989 0.229 0.585 0.802 0.707 0.701 0.420 0.175 0.957 0.930 0.876 0.127 0.648 0.994 0.482 1.000 0.845 0.955 0.979 0.955 0.471 0.438 0.421 0.718 0.598 0.859 0.279 0.226 0.093 0.109 0.415 0.584 0.248 0.793 0.011 0.997 0.654 0.291 0.689 0.755 0.126 0.016 0.935 0.814 0.800 0.931 0.186 0.846 0.379 0.653 0.918 0.167 0.456 0.282 0.809 0.899 0.625 0.727 0.059 0.581 0.524 0.994 0.428 0.684 0.557 0.966 0.191 0.436 0.661 0.126 0.510 0.217 0.219 0.318 0.480 0.387 0.479 0.014 0.796 0.342 0.320 0.046 0.332 0.698 0.666 0.698 0.607 0.902 0.430 0.985 0.048 0.126 0.480 0.166 0.694 0.667 0.927
0.043 0.773 0.784 0.560 0.679 0.374 0.863 0.300 0.344 0.170 0.765 0.496 0.562 0.570 0.698 0.157 0.182 0.899 0.845 1.000 0.646 0.988 0.343 0.018 0.012 0.810 0.845 0.258 0.731 0.288 0.984 0.591 0.414 0.783 0.059 0.735 0.589 0.225 0.194 0.638 0.549 0.084 0.363 0.945 0.247 0.612 0.292 0.172 0.542 0.282 0.482 0.350 0.972 0.247 0.007 0.072 0.536 0.104 0.091 0.757 0.969 0.791 0.970 0.460 0.206 0.201 0.082 0.906 0.045 0.932 0.370 0.436 0.653 0.831 0.567 0.063 0.354 0.731 0.509 0.204 0.903 0.707 0.468 0.446 0.091 0.580 0.845 0.907 0.424 0.446 0.566 0.782 0.825 0.683 0.648 0.938 0.800 0.506 0.580 0.058
0.885 0.361 0.359 0.619 0.683 0.428 0.600 0.256 0.674 0.725 0.261 0.586 0.911 0.696 0.373 0.952 0.315 0.601 0.955 0.646 1.000 0.194 0.972 0.095 0.549 0.097 0.417 0.401 0.365 0.780 0.942 0.222 0.084 0.642 0.115 0.779 0.130 0.436 0.607 0.183 0.376 0.665 0.331 0.372 0.983 0.313 0.397 0.041 0.601 0.923 0.195 0.143 0.619 0.092 0.694 0.999 0.402 0.248 0.601 0.728 0.433 0.746 0.845 0.289 0.589 0.269 0.602 0.418 0.328 0.779 0.467 0.715 0.063 0.285 0.389 0.892 0.641 0.183 0.606 0.120 0.559 0.704 0.835 0.931 0.704 0.652 0.222 0.507 0.176 0.708 0.898 0.194 0.589 0.825 0.586 0.498 0.267 0.465 0.100 0.597
0.765 0.349 0.439 0.825 0.496 0.563 0.688 0.100 0.333 0.022 0.757 0.662 0.690 0.724 0.004 0.413 0.820 0.638 0.979 0.988 0.194 1.000 0.808 0.957 0.883 0.627 0.152 0.493 0.846 0.212 0.593 0.169 0.322 0.290 0.851 0.651 0.427 0.792 0.800 0.017 0.069 0.049 0.990 0.345 0.141 0.727 0.358 0.085 0.344 0.134 0.703 0.574 0.092 0.462 0.229 0.244 0.335 0.994 0.248 0.720 0.791 0.552 0.658 0.480 0.154 0.725 0.502 0.535 0.346 0.533 0.282 0.458 0.375 0.009 0.828 0.563 0.052 0.016 0.479 0.154 0.449 0.567 0.188 0.118 0.831 0.694 0.083 0.828 0.532 0.839 0.571 0.433 0.116 0.167 0.725 0.890 0.811 0.345 0.359 0.005
0.011 0.267 0.748 0.870 0.403 0.337 0.091 0.655 0.159 0.473 0.899 0.576 0.130 0.299 0.404 0.022 0.273 0.660 0.955 0.343 0.972 0.808 1.000 0.421 0.254 0.211 0.156 0.995 0.660 0.884 0.272 0.689 0.705 0.822 0.722 0.261 0.453 0.208 0.135 0.158 0.241 0.965 0.136 0.430 0.670 0.988 0.205 0.957 0.068 0.928 0.114 0.876 0.305 0.801 0.138 0.439 0.031 0.842 0.694 0.392 0.838 0.215 0.716 0.644 0.253 0.968 0.323 0.213 0.299 0.969 0.375 0.225 0.699 0.270 0.655 0.767 0.489 0.216 0.783 0.484 0.901 0.526 0.217 0.523 0.184 0.600 0.720 0.283 0.436 0.067 0.099 0.649 0.431 0.842 0.934 0.334 0.086 0.230 0.756 0.546
0.739 0.989 0.666 0.846 0.733 0.560 0.608 0.429 0.679 0.161 0.503 0.202 0.162 0.976 0.537 0.353 0.216 0.884 0.471 0.018 0.095 0.957 0.421 1.000 0.813 0.698 0.545 0.706 0.145 0.130 0.797 0.333 0.100 0.396 0.860 0.764 0.600 0.819 0.440 0.583 0.760 0.316 0.108 0.702 0.815 0.885 0.016 0.071 0.467 0.955 0.676 0.910 0.789 0.002 0.515 0.274 0.696 0.545 0.957 0.001 0.895 0.583 0.628 0.528 0.908 0.841 0.680 0.279 0.012 0.908 0.167 0.766 0.534 0.410 0.089 0.087 0.357 0.782 0.188 0.192 0.650 0.969 0.862 0.629 0.521 0.326 0.908 0.654 0.672 0.850 0.169 0.727 0.581 0.861 0.775 0.752 0.319 0.203 0.548 0.703
0.170 0.309 0.667 0.059 0.681 0.552 0.207 0.079 0.059 0.977 0.425 0.982 0.170 0.530 0.598 0.590 0.004 0.077 0.438 0.012 0.549 0.883 0.254 0.813 1.000 0.622 0.980 0.794 0.347 0.183 0.856 0.056 0.192 0.322 0.991 0.911 0.892 0.322 0.930 0.895 0.490 0.214 0.986 0.985 0.846 0.462 0.597 0.188 0.717 0.062 0.594 0.655 0.711 0.142 0.692 0.893 0.411 0.764 0.754 0.878 0.695 0.752 0.751 0.955 0.069 0.004 0.875 0.007 0.786 0.347 0.509 0.390 0.295 0.881 0.273 0.393 0.175 0.632 0.368 0.737 0.854 0.753 0.510 0.555 0.531 0.858 0.214 0.242 0.293 0.673 0.707 0.900 0.810 0.628 0.596 0.337 0.258 0.082 0.050 0.780
0.106 0.860 0.975 0.563 0.490 0.797 0.099 0.228 0.452 0.120 0.192 0.773 0.745 0.975 0.519 0.307 0.108 0.104 0.421 0.810 0.097 0.627 0.211 0.698 0.622 1.000 0.065 0.401 0.843 0.669 0.121 0.352 0.812 0.335 0.441 0.837 0.778 0.971 0.516 0.341 0.901 0.691 0.217 0.348 0.482 0.777 0.411 0.405 0.789 0.144 0.420 0.735 0.969 0.253 0.732 0.451 0.631 0.318 0.495 0.760 0.579 0.109 0.610 0.544 0.850 0.423 0.535 0.490 0.345 0.807 0.037 0.971 0.551 0.476 0.786 0.106 0.604 0.349 0.778 0.289 0.257 0.387 0.432 0.528 0.194 0.132 0.147 0.257 0.908 0.262 0.245 0.074 0.661 0.695 0.355 0.717 0.405 0.731 0.403 0.258
0.356 0.106 0.055 0.903 0.460 0.150 0.444 0.223 0.371 0.473 0.503 0.875 0.964 0.512 0.810 0.841 0.999 0.494 0.718 0.845 0.417 0.152 0.156 0.545 0.980 0.065 1.000 0.201 0.543 0.416 0.954 0.671 0.213 0.066 0.614 0.370 0.265 0.837 0.523 0.509 0.030 0.643 0.533 0.454 0.075 0.107 0.031 0.583 0.522 0.319 0.527 0.826 0.669 0.622 0.624 0.800 0.724 0.826 0.542 0.447 0.350 0.307 0.245 0.876 0.090 0.818 0.804 0.794 0.494 0.139 0.683 0.137 0.061 0.197 0.594 0.219 0.019 0.523 0.857 0.387 0.620 0.252 0.998 0.143 0.466 0.861 0.842 0.401 0.013 0.887 0.035 0.253 0.455 0.115 0.400 0.419 0.704 0.343 0.526 0.115
0.237 0.857 0.277 0.307 0.182 0.746 0.759 0.127 0.884 0.127 0.413 0.026 0.454 0.101 0.315 0.749 0.423 0.286 0.598 0.258 0.401 0.493 0.995 0.706 0.794 0.401 0.201 1.000 0.362 0.200 0.257 0.172 0.923 0.991 0.107 0.176 0.723 0.083 0.954 0.584 0.177 0.266 0.561 0.369 0.007 0.052 0.348 0.406 0.226 0.429 0.684 0.550 0.793 0.373 0.019 0.627 0.345 0.014 0.231 0.220 0.231 0.548 0.607 0.675 0.245 0.675 0.136 0.383 0.122 0.862 0.364 0.441 0.861 0.104 0.088 0.509 0.370 0.888 0.858 0.151 0.385 0.161 0.719 0.655 0.988 0.267 0.316 0.540 0.502 0.688 0.034 0.480 0.071 0.511 0.622 0.403 0.911 0.713 0.896 0.983
0.137 0.326 0.572 0.828 0.561 0.842 0.929 0.429 0.127 0.803 0.325 0.074 0.248 0.224 0.254 0.024 0.284 0.994 0.859 0.731 0.365 0.846 0.660 0.145 0.347 0.843 0.543 0.362 1.000 0.615 0.169 0.767 0.454 0.171 0.389 0.676 0.953 0.174 0.323 0.544 0.084 0.256 0.829 0.832 0.693 0.645 0.101 0.043 0.690 0.520 0.830 0.607 0.862 0.502 0.874 0.878 0.584 0.931 0.745 0.671 0.206 0.804 0.682 0.031 0.371 0.716 0.578 0.125 0.139 0.628 0.652 0.574 0.696 0.746 0.082 0.086 0.418 0.756 0.187 0.980 0.034 0.096 0.005 0.571 0.938 0.325 0.236 0.624 0.803 0.744 0.367 0.676 0.310 0.025 0.129 0.240 0.153 0.140 0.863 0.974
0.705 0.225 0.481 0.339 0.844 0.917 0.106 0.925 0.828 0.079 0.862 0.649 0.792 0.148 0.267 0.664 0.774 0.397 0.279 0.288 0.780 0.212 0.884 0.130 0.183 0.669 0.416 0.200 0.615 1.000 0.171 0.333 0.042 0.483 0.984 0.844 0.200 0.042 0.983 0.434 0.418 0.076 0.245 0.685 0.543 0.337 0.505 0.801 0.556 0.985 0.851 0.115 0.636 0.176 0.006 0.052 0.669 0.818 0.916 0.467 0.732 0.014 0.085 0.453 0.410 0.102 0.882 0.249 0.234 0.809 0.483 0.818 0.859 0.369 0.137 0.925 0.435 0.025 0.302 0.645 0.422 0.692 0.826 0.730 0.572 0.568 0.409 0.614 0.735 0.275 0.801 0.844 0.274 0.969 0.254 0.435 0.289 0.487 0.427 0.083
0.367 0.300 0.492 0.878 0.066 0.262 0.269 0.415 0.656 0.764 0.721 0.312 0.905 0.237 0.588 0.592 0.186 0.299 0.226 0.984 0.942 0.593 0.272 0.797 0.856 0.121 0.954 0.257 0.169 0.171 1.000 0.810 0.778 0.635 0.201 0.772 0.466 0.518 0.215 0.133 0.862 0.229 0.512 0.437 0.506 0.367 0.699 0.861 0.570 0.105 0.194 0.885 0.788 0.053 0.875 0.277 0.715 0.610 0.467 0.710 0.130 0.531 0.930 0.959 0.207 0.457 0.544 0.095 0.606 0.721 0.808 0.841 0.462 0.915 0.926 0.499 0.196 0.175 0.836 0.703 0.904 0.824 0.107 0.874 0.188 0.647 0.858 0.479 0.605 0.184 0.293 0.721 0.162 0.744 0.102 0.976 0.496 0.619 0.035 0.869
0.114 0.854 0.609 0.279 0.268 0.294 0.097 0.056 0.954 0.737 0.551 0.772 0.966 0.781 0.314 0.798 0.811 0.168 0.093 0.591 0.222 0.169 0.689 0.333 0.056 0.352 0.671 0.172 0.767 0.333 0.810 1.000 0.889 0.579 0.916 0.456 0.767 0.936 0.481 0.888 0.692 0.532 0.565 0.438 0.375 0.723 0.703 0.828 0.530 0.636 0.755 0.144 0.812 0.340 0.169 0.069 0.851 0.846 0.448 0.486 0.960 0.793 0.601 0.492 0.671 0.654 0.358 0.316 0.824 0.603 0.268 0.645 0.512 0.841 0.251 0.941 0.291 0.163 0.587 0.079 0.392 0.844 0.950 0.734 0.496 0.561 0.428 0.687 0.448 0.571 0.136 0.397 0.007 0.256 0.908 0.284 0.920 0.691 0.154 0.139
0.132 0.378 0.166 0.903 0.021 0.335 0.898 0.293 0.252 0.135 0.620 0.971 0.440 0.708 0.020 0.968 0.610 0.036 0.109 0.414 0.084 0.322 0.705 0.100 0.192 0.812 0.213 0.923 0.454 0.042 0.778 0.889 1.000 0.173 0.959 0.379 0.842 0.906 0.537 0.729 0.639 0.094 0.180 0.445 0.860 0.947 0.199 0.127 0.917 0.027 0.833 0.382 0.183 0.228 0.483 0.961 0.987 0.484 0.948 0.708 0.490 0.550 0.827 0.910 0.331 0.754 0.014 0.126 0.504 0.552 0.498 0.708 0.245 0.664 0.059 0.317 0.662 0.307 0.793 0.879 0.341 0.215 0.089 0.363 0.736 0.276 0.267 0.852 0.777 0.990 0.756 0.479 0.893 0.625 0.622 0.879 0.905 0.503 0.296 0.786
0.629 0.078 0.845 0.928 0.965 0.200 0.238 0.202 0.353 0.117 0.622 0.218 0.132 0.333 0.438 0.045 0.489 0.897 0.415 0.783 0.642 0.290 0.822 0.396 0.322 0.335 0.066 0.991 0.171 0.483 0.635 0.579 0.173 1.000 0.542 0.500 0.334 0.891 0.121 0.446 0.157 0.248 0.093 0.892 0.136 0.119 0.171 0.160 0.241 0.034 0.290 0.213 0.431 0.169 0.803 0.116 0.254 0.405 0.432 0.370 0.014 0.981 0.503 0.930 0.055 0.932 0.985 0.144 0.419 0.573 0.119 0.169 0.116 0.746 0.337 0.947 0.761 0.150 0.264 0.601 0.580 0.610 0.985 0.221 0.640 0.854 0.457 0.210 0.240 0.341 0.095 0.620 0.742 0.921 0.944 0.435 0.097 0.101 0.485 0.791
0.941 0.762 0.564 0.773 0.207 0.807 0.744 0.108 0.197 0.884 0.497 0.257 0.911 0.921 0.528 0.082 0.831 0.215 0.584 0.059 0.115 0.851 0.722 0.860 0.991 0.441 0.614 0.107 0.389 0.984 0.201 0.916 0.959 0.542 1.000 0.518 0.752 0.289 0.457 0.136 0.934 0.380 0.628 0.220 0.804 0.967 0.190 0.722 0.095 0.425 0.839 0.319 0.070 0.024 0.225 0.864 0.338 0.066 0.036 0.707 0.576 0.017 0.825 0.372 0.679 0.872 0.242 0.275 0.916 0.309 0.837 0.439 0.645 0.989 0.605 0.518 0.791 0.473 0.493 0.465 0.036 0.180 0.349 0.796 0.139 0.083 0.743 0.633 0.135 0.994 0.944 0.757 0.899 0.974 0.791 0.083 0.640 0.415 0.849 0.684
0.281 0.599 0.369 0.760 0.650 0.725 0.284 0.930 0.609 0.504 0.355 0.347 0.470 0.463 0.175 0.683 0.038 0.750 0.248 0.735 0.779 0.651 0.261 0.764 0.911 0.837 0.370 0.176 0.676 0.844 0.772 0.456 0.379 0.500 0.518 1.000 0.534 0.924 0.628 0.379 0.338 0.961 0.833 0.793 0.281 0.249 0.576 0.612 0.510 0.284 0.622 0.886 0.888 0.798 0.750 0.190 0.606 0.156 0.172 0.323 0.697 0.115 0.593 0.988 0.793 0.214 0.618 0.150 0.605 0.378 0.504 0.312 0.051 0.297 0.014 0.442 0.422 0.278 0.335 0.653 0.007 0.877 0.856 0.977 0.323 0.306 0.936 0.347 0.969 0.764 0.188 0.243 0.629 0.511 0.877 0.646 0.514 0.102 0.536 0.973
0.361 0.568 0.200 0.370 0.141 0.003 0.521 0.995 0.849 0.268 0.650 0.431 0.435 0.366 0.192 0.169 0.248 0.376 0.793 0.589 0.130 0.427 0.453 0.600 0.892 0.778 0.265 0.723 0.953 0.200 0.466 0.767 0.842 0.334 0.752 0.534 1.000 0.318 0.861 0.657 0.039 0.596 0.483 0.172 0.717 0.912 0.943 0.916 0.077 0.399 0.303 0.673 0.913 0.899 0.039 0.862 0.271 0.874 0.338 0.989 0.526 0.669 0.245 0.921 0.556 0.356 0.762 0.506 0.805 0.421 0.373 0.321 0.045 0.850 0.387 0.591 0.810 0.862 0.760 0.242 0.338 0.616 0.517 0.908 0.605 0.938 0.559 0.538 0.813 0.031 0.338 0.063 0.473 0.181 0.519 0.727 0.853 0.017 0.874 0.742
0.072 0.356 0.960 0.295 0.732 0.234 0.372 0.661 0.523 0.752 0.296 0.417 0.618 0.874 0.311 0.304 0.737 0.898 0.011 0.225 0.436 0.792 0.208 0.819 0.322 0.971 0.837 0.083 0.174 0.042 0.518 0.936 0.906 0.891 0.289 0.924 0.318 1.000 0.915 0.935 0.692 0.907 0.860 0.975 0.831 0.568 0.204 0.666 0.393 0.105 0.160 0.942 0.336 0.695 0.724 0.638 0.943 0.381 0.626 0.766 0.267 0.342 0.355 0.146 0.906 0.154 0.703 0.095 0.060 0.295 0.453 0.844 0.651 0.624 0.534 0.205 0.385 0.863 0.018 0.478 0.939 0.781 0.841 0.177 0.073 0.112 0.722 0.807 0.132 0.724 0.784 0.194 0.829 0.578 0.084 0.171 0.923 0.533 0.970 0.563
0.861 0.778 0.591 0.400 0.467 0.540 0.728 0.775 0.163 0.974 0.055 0.385 0.495 0.268 0.285 0.248 0.150 0.249 0.997 0.194 0.607 0.800 0.135 0.440 0.930 0.516 0.523 0.954 0.323 0.983 0.215 0.481 0.537 0.121 0.457 0.628 0.861 0.915 1.000 0.415 0.959 0.361 0.327 0.681 0.686 0.945 0.961 0.466 0.530 0.092 0.103 0.912 0.305 0.592 0.378 0.638 0.750 0.182 0.979 0.202 0.165 0.051 0.442 0.503 0.645 0.103 0.360 0.246 0.028 0.009 0.927 0.567 0.760 0.312 0.582 0.099 0.153 0.512 0.416 0.207 0.043 0.362 0.897 0.761 0.526 0.021 0.583 0.970 0.727 0.989 0.374 0.632 0.646 0.400 0.325 0.103 0.867 0.125 0.091 0.309
0.087 0.228 0.884 0.807 0.340 0.565 0.789 0.332 0.807 0.526 0.888 0.022 0.987 0.634 0.393 0.012 0.239 0.016 0.654 0.638 0.183 0.017 0.158 0.583 0.895 0.341 0.509 0.584 0.544 0.434 0.133 0.888 0.729 0.446 0.136 0.379 0.657 0.935 0.415 1.000 0.285 0.955 0.911 0.549 0.704 0.788 0.593 0.965 0.171 0.348 0.429 0.919 0.247 0.149 0.834 0.285 0.455 0.615 0.742 0.257 0.501 0.016 0.206 0.336 0.486 0.250 0.269 0.363 0.719 0.832 0.558 0.172 0.064 0.858 0.948 0.869 0.672 0.393 0.826 0.037 0.222 0.960 0.427 0.141 0.262 0.821 0.692 0.505 0.303 0.426 0.440 0.859 0.023 0.854 0.976 0.519 0.245 0.563 0.719 0.743
0.869 0.819 0.666 0.372 0.937 0.296 0.845 0.993 0.192 0.422 0.733 0.667 0.839 0.055 0.042 0.289 0.105 0.525 0.291 0.549 0.376 0.069 0.241 0.760 0.490 0.901 0.030 0.177 0.084 0.418 0.862 0.692 0.639 0.157 0.934 0.338 0.039 0.692 0.959 0.285 1.000 0.734 0.413 0.200 0.305 0.281 0.272 0.029 0.176 0.864 0.904 0.981 0.510 0.289 0.437 0.399 0.099 0.787 0.657 0.182 0.846 0.070 0.230 0.685 0.749 0.913 0.455 0.312 0.624 0.646 0.376 0.037 0.454 0.396 0.848 0.827 0.290 0.813 0.768 0.993 0.180 0.279 0.470 0.673 0.668 0.337 0.325 0.790 0.504 0.525 0.386 0.612 0.615 0.917 0.639 0.376 0.165 0.148 0.729 0.849
0.902 0.693 0.162 0.148 0.947 0.846 0.156 0.799 0.908 0.820 0.656 0.713 0.496 0.633 0.582 0.887 0.881 0.873 0.689 0.084 0.665 0.049 0.965 0.316 0.214 0.691 0.643 0.266 0.256 0.076 0.229 0.532 0.094 0.248 0.380 0.961 0.596 0.907 0.361 0.955 0.734 1.000 0.045 0.046 0.105 0.720 0.078 0.828 0.389 0.827 0.739 0.846 0.442 0.732 0.803 0.604 0.054 0.583 0.634 0.125 0.739 0.891 0.060 0.366 0.363 0.362 0.875 0.667 0.737 0.151 0.831 0.621 0.781 0.053 0.508 0.783 0.824 0.315 0.491 0.778 0.293 0.171 0.816 0.081 0.506 0.441 0.122 0.866 0.888 0.766 0.790 0.242 0.614 0.911 0.763 0.478 0.028 0.852 0.811 0.565
0.998 0.872 0.552 0.202 0.723 0.120 0.696 0.217 0.471 0.665 0.973 0.855 0.295 0.996 0.862 0.247 0.032 0.513 0.755 0.363 0.331 0.990 0.136 0.108 0.986 0.217 0.533 0.561 0.829 0.245 0.512 0.565 0.180 0.093 0.628 0.833 0.483 0.860 0.327 0.911 0.413 0.045 1.000 0.890 0.453 0.674 0.401 0.503 0.132 0.800 0.939 0.085 0.259 0.460 0.911 0.660 0.200 0.116 0.276 0.044 0.468 0.171 0.407 0.091 0.798 0.467 0.088 0.332 0.393 0.191 0.843 0.031 0.391 0.271 0.392 0.431 0.900 0.704 0.583 0.452 0.359 0.910 0.825 0.288 0.747 0.316 0.732 0.476 0.195 0.649 0.221 0.436 0.437 0.839 0.953 0.867 0.087 0.078 0.492 0.325
0.278 0.480 0.554 0.488 0.096 0.391 0.253 0.190 0.341 0.063 0.444 0.474 0.581 0.159 0.976 0.832 0.948 0.299 0.126 0.945 0.372 0.345 0.430 0.702 0.985 0.348 0.454 0.369 0.832 0.685 0.437 0.438 0.445 0.892 0.220 0.793 0.172 0.975 0.681 0.549 0.200 0.046 0.890 1.000 0.868 0.346 0.367 0.204 0.707 0.345 0.814 0.506 0.026 0.743 0.491 0.719 0.494 0.699 0.057 0.711 0.107 0.351 0.712 0.112 0.672 0.479 0.348 0.871 0.832 0.450 0.173 0.575 0.485 0.371 0.151 0.019 0.787 0.858 0.019 0.404 0.038 0.487 0.284 0.102 0.132 0.886 0.078 0.523 0.296 0.408 0.186 0.365 0.240 0.255 0.300 0.822 0.664 0.738 0.926 0.907
0.175 0.316 0.962 0.190 0.236 0.378 0.955 0.226 0.231 0.941 0.110 0.681 0.415 0.050 0.405 0.453 0.578 0.394 0.016 0.247 0.983 0.141 0.670 0.815 0.846 0.482 0.075 0.007 0.693 0.543 0.506 0.375 0.860 0.136 0.804 0.281 0.717 0.831 0.686 0.704 0.305 0.105 0.453 0.868 1.000 0.202 0.454 0.224 0.914 0.654 0.184 0.210 0.151 0.707 0.030 0.139 0.069 0.536 0.995 0.028 0.542 0.001 0.911 0.626 0.676 0.781 0.013 0.424 0.886 0.861 0.027 0.988 0.389 0.648 0.555 0.833 0.488 0.494 0.794 0.936 0.504 0.224 0.554 0.355 0.711 0.786 0.005 0.089 0.285 0.378 0.381 0.701 0.856 0.150 0.327 0.773 0.009 0.886 0.762 0.139
0.319 0.657 0.040 0.429 0.387 0.269 0.685 0.431 0.342 0.439 0.200 0.527 0.846 0.251 0.974 0.647 0.274 0.240 0.935 0.612 0.313 0.727 0.988 0.885 0.462 0.777 0.107 0.052 0.645 0.337 0.367 0.723 0.947 0.119 0.967 0.249 0.912 0.568 0.945 0.788 0.281 0.720 0.674 0.346 0.202 1.000 0.060 0.632 0.273 0.876 0.026 0.895 0.926 0.628 0.098 0.888 0.499 0.059 0.475 0.221 0.990 0.725 0.973 0.452 0.159 0.174 0.785 0.710 0.172 0.074 0.903 0.192 0.393 0.988 0.419 0.728 0.092 0.397 0.196 0.592 0.784 0.176 0.374 0.185 0.877 0.562 0.238 0.185 0.935 0.334 0.345 0.483 0.175 0.846 0.196 0.441 0.746 0.153 0.891 0.785
0.866 0.746 0.776 0.300 0.332 0.441 0.374 0.146 0.410 0.469 0.473 0.332 0.248 0.403 0.505 0.562 0.240 0.673 0.814 0.292 0.397 0.358 0.205 0.016 0.597 0.411 0.031 0.348 0.101 0.505 0.699 0.703 0.199 0.171 0.190 0.576 0.943 0.204 0.961 0.593 0.272 0.078 0.401 0.367 0.454 0.060 1.000 0.300 0.210 0.324 0.193 0.603 0.247 0.222 0.142 0.192 0.163 0.506 0.352 0.982 0.965 0.271 0.501 0.277 0.243 0.064 0.761 0.869 0.117 0.677 0.666 0.112 0.175 0.035 0.594 0.697 0.462 0.357 0.095 0.837 0.645 0.745 0.458 0.653 0.930 0.148 0.874 0.893 0.423 0.534 0.836 0.437 0.890 0.576 0.401 0.525 0.904 0.319 0.702 0.513
0.859 0.242 0.402 0.128 0.888 0.347 0.714 0.325 0.275 0.657 0.426 0.606 0.046 0.928 0.655 0.272 0.962 0.398 0.800 0.172 0.041 0.085 0.957 0.071 0.188 0.405 0.583 0.406 0.043 0.801 0.861 0.828 0.127 0.160 0.722 0.612 0.916 0.666 0.466 0.965 0.029 0.828 0.503 0.204 0.224 0.632 0.300 1.000 0.591 0.625 0.145 0.214 0.912 0.083 0.133 0.749 0.601 0.473 0.234 0.822 0.378 0.223 0.465 0.330 0.959 0.464 0.704 0.453 0.904 0.285 0.363 0.740 0.956 0.536 0.666 0.451 0.194 0.204 0.537 0.437 0.442 0.705 0.065 0.079 0.289 0.812 0.338 0.486 0.046 0.413 0.609 0.002 0.830 0.071 0.429 0.542 0.902 0.449 0.852 0.293
0.886 0.150 0.271 0.982 0.070 0.100 0.426 0.107 0.453 0.324 0.125 0.237 0.233 0.479 0.158 0.838 0.389 0.603 0.931 0.542 0.601 0.344 0.068 0.467 0.717 0.789 0.522 0.226 0.690 0.556 0.570 0.530 0.917 0.241 0.095 0.510 0.077 0.393 0.530 0.171 0.176 0.389 0.132 0.707 0.914 0.273 0.210 0.591 1.000 0.932 0.891 0.660 0.360 0.127 0.880 0.980 0.726 0.794 0.761 0.137 0.848 0.787 0.860 0.209 0.087 0.289 0.859 0.208 0.745 0.023 0.622 0.303 0.579 0.941 0.982 0.718 0.980 0.437 0.942 0.018 0.923 0.924 0.277 0.610 0.097 0.759 0.867 0.991 0.450 0.689 0.558 0.126 0.262 0.334 0.787 0.411 0.003 0.613 0.094 0.632
0.219 0.951 0.075 0.641 0.091 0.180 0.613 0.667 0.903 0.380 0.807 0.532 0.778 0.602 0.726 0.712 0.793 0.210 0.186 0.282 0.923 0.134 0.928 0.955 0.062 0.144 0.319 0.429 0.520 0.985 0.105 0.636 0.027 0.034 0.425 0.284 0.399 0.105 0.092 0.348 0.864 0.827 0.800 0.345 0.654 0.876 0.324 0.625 0.932 1.000 0.253 0.867 0.669 0.763 0.646 0.337 0.967 0.129 0.234 0.252 0.625 0.614 0.751 0.968 0.765 0.539 0.629 0.658 0.047 0.050 0.696 0.323 0.462 0.192 0.529 0.315 0.333 0.906 0.535 0.534 0.613 0.545 0.051 0.817 0.522 0.772 0.007 0.552 0.135 0.378 0.983 0.157 0.988 0.502 0.995 0.845 0.501 0.714 0.363 0.404
0.619 0.638 0.801 0.048 0.317 0.416 0.958 0.785 0.887 0.051 0.887 0.757 0.011 0.758 0.324 0.848 0.088 0.393 0.846 0.482 0.195 0.703 0.114 0.676 0.594 0.420 0.527 0.684 0.830 0.851 0.194 0.755 0.833 0.290 0.839 0.622 0.303 0.160 0.103 0.429 0.904 0.739 0.939 0.814 0.184 0.026 0.193 0.145 0.891 0.253 1.000 0.578 0.094 0.848 0.488 0.697 0.393 0.116 0.209 0.336 0.889 0.960 0.495 0.084 0.482 0.529 0.273 0.957 0.166 0.382 0.957 0.642 0.121 0.743 0.248 0.071 0.068 0.817 0.281 0.011 0.217 0.076 0.342 0.574 0.678 0.439 0.819 0.565 0.019 0.025 0.133 0.825 0.368 0.842 0.696 0.879 0.904 0.191 0.783 0.613
0.686 0.997 0.055 0.229 0.638 0.783 0.205 0.160 0.228 0.203 0.589 0.410 0.039 0.077 0.948 0.967 0.805 0.453 0.379 0.350 0.143 0.574 0.876 0.910 0.655 0.735 0.826 0.550 0.607 0.115 0.885 0.144 0.382 0.213 0.319 0.886 0.673 0.942 0.912 0.919 0.981 0.846 0.085 0.506 0.210 0.895 0.603 0.214 0.660 0.867 0.578 1.000 0.759 0.280 0.466 0.893 0.432 0.615 0.099 0.816 0.486 0.582 0.203 0.145 0.549 0.320 0.528 0.712 0.805 0.337 0.279 0.820 0.781 0.682 0.597 0.007 0.285 0.951 0.225 0.346 0.044 0.125 0.592 0.592 0.595 0.062 0.340 0.678 0.957 0.681 0.308 0.380 0.559 0.394 0.040 0.388 0.498 0.303 0.764 0.407
0.764 0.089 0.901 0.532 0.162 0.303 0.432 0.678 0.889 0.168 0.052 0.741 0.760 0.381 0.887 0.583 0.948 0.650 0.653 0.972 0.619 0.092 0.305 0.789 0.711 0.969 0.669 0.793 0.862 0.636 0.788 0.812 0.183 0.431 0.070 0.888 0.913 0.336 0.305 0.247 0.510 0.442 0.259 0.026 0.151 0.926 0.247 0.912 0.360 0.669 0.094 0.759 1.000 0.812 0.231 0.390 0.518 0.715 0.571 0.119 0.463 0.028 0.567 0.570 0.852 0.136 0.881 0.732 0.890 0.192 0.166 0.317 0.870 0.521 0.082 0.247 0.826 0.605 0.062 0.340 0.042 0.783 0.898 0.947 0.619 0.670 0.556 0.101 0.660 0.877 0.983 0.000 0.145 0.077 0.912 0.752 0.231 0.429 0.559 0.831
0.599 0.312 0.512 0.591 0.732 0.438 0.526 0.511 0.716 0.620 0.951 0.886 0.999 0.205 0.298 0.348 0.422 0.931 0.918 0.247 0.092 0.462 0.801 0.002 0.142 0.253 0.622 0.373 0.502 0.176 0.053 0.340 0.228 0.169 0.024 0.798 0.899 0.695 0.592 0.149 0.289 0.732 0.460 0.743 0.707 0.628 0.222 0.083 0.127 0.763 0.848 0.280 0.812 1.000 0.025 0.000 0.784 0.152 0.811 0.338 0.109 0.924 0.075 0.085 0.858 0.031 0.811 0.985 0.303 0.922 0.791 0.409 0.516 0.286 0.447 0.578 0.474 0.209 0.275 0.684 0.199 0.569 0.143 0.867 0.470 0.012 0.013 0.405 0.793 0.634 0.775 0.479 0.624 0.257 0.532 0.949 0.008 0.769 0.628 0.813
0.848 0.679 0.538 0.922 0.110 0.722 0.379 0.507 0.347 0.266 0.680 0.441 0.489 0.582 0.896 0.237 0.007 0.634 0.167 0.007 0.694 0.229 0.138 0.515 0.692 0.732 0.624 0.019 0.874 0.006 0.875 0.169 0.483 0.803 0.225 0.750 0.039 0.724 0.378 0.834 0.437 0.803 0.911 0.491 0.030 0.098 0.142 0.133 0.880 0.646 0.488 0.466 0.231 0.025 1.000 0.686 0.136 0.860 0.658 0.290 0.724 0.065 0.155 0.946 0.912 0.239 0.700 0.371 0.039 0.525 0.107 0.296 0.633 0.258 0.344 0.305 0.510 0.229 0.786 0.720 0.776 0.547 0.919 0.874 0.123 0.859 0.994 0.757 0.565 0.041 0.278 0.807 0.887 0.451 0.142 0.341 0.649 0.126 0.897 0.943
0.427 0.023 0.663 0.864 0.581 0.677 0.174 0.370 0.355 0.013 0.688 0.442 0.200 0.273 0.553 0.850 0.684 0.740 0.456 0.072 0.999 0.244 0.439 0.274 0.893 0.451 0.800 0.627 0.878 0.052 0.277 0.069 0.961 0.116 0.864 0.190 0.862 0.638 0.638 0.285 0.399 0.604 0.660 0.719 0.139 0.888 0.192 0.749 0.980 0.337 0.697 0.893 0.390 0.000 0.686 1.000 0.275 0.838 0.599 0.039 0.820 0.628 0.053 0.558 0.524 0.476 0.376 0.271 0.790 0.991 0.924 0.416 0.527 0.165 0.088 0.152 0.746 0.456 0.934 0.182 0.991 0.763 0.334 0.618 0.471 0.252 0.147 0.847 0.324 0.948 0.428 0.633 0.539 0.158 0.002 0.167 0.241 0.030 0.477 0.976
0.751 0.804 0.060 0.797 0.039 0.959 0.191 0.462 0.815 0.777 0.851 0.262 0.505 0.930 0.438 0.573 0.230 0.943 0.282 0.536 0.402 0.335 0.031 0.696 0.411 0.631 0.724 0.345 0.584 0.669 0.715 0.851 0.987 0.254 0.338 0.606 0.271 0.943 0.750 0.455 0.099 0.054 0.200 0.494 0.069 0.499 0.163 0.601 0.726 0.967 0.393 0.432 0.518 0.784 0.136 0.275 1.000 0.186 0.726 0.839 0.087 0.435 0.824 0.487 0.297 0.428 0.066 0.657 0.007 0.051 0.288 0.736 0.978 0.529 0.022 0.461 0.728 0.228 0.034 0.460 0.368 0.575 0.110 0.429 0.665 0.141 0.511 0.848 0.368 0.466 0.172 0.683 0.621 0.830 0.505 0.319 0.895 0.583 0.504 0.539
0.007 0.231 0.772 0.642 0.606 0.705 0.457 0.815 0.273 0.375 0.865 0.822 0.743 0.847 0.945 0.841 0.001 0.100 0.809 0.104 0.248 0.994 0.842 0.545 0.764 0.318 0.826 0.014 0.931 0.818 0.610 0.846 0.484 0.405 0.066 0.156 0.874 0.381 0.182 0.615 0.787 0.583 0.116 0.699 0.536 0.059 0.506 0.473 0.794 0.129 0.116 0.615 0.715 0.152 0.860 0.838 0.186 1.000 0.879 0.546 0.719 0.275 0.038 0.374 0.603 0.247 0.682 0.191 0.546 0.077 0.806 0.546 0.096 0.015 0.408 0.219 0.340 0.976 0.869 0.617 0.513 0.517 0.790 0.769 0.676 0.412 0.034 0.739 0.244 0.181 0.001 0.444 0.607 0.586 0.330 0.167 0.474 0.799 0.978 0.849
0.057 0.111 0.239 0.846 0.254 0.664 0.176 0.221 0.521 0.340 0.072 0.635 0.753 0.284 0.249 0.760 0.551 0.933 0.899 0.091 0.601 0.248 0.694 0.957 0.754 0.495 0.542 0.231 0.745 0.916 0.467 0.448 0.948 0.432 0.036 0.172 0.338 0.626 0.979 0.742 0.657 0.634 0.276 0.057 0.995 0.475 0.352 0.234 0.761 0.234 0.209 0.099 0.571 0.811 0.658 0.599 0.726 0.879 1.000 0.358 0.359 0.078 0.510 0.465 0.536 0.408 0.825 0.788 0.047 0.767 0.615 0.205 0.354 0.754 0.794 0.475 0.451 0.044 0.679 0.738 0.284 0.572 0.712 0.594 0.742 0.093 0.728 0.011 0.296 0.176 0.219 0.542 0.404 0.723 0.202 0.580 0.426 0.773 0.157 0.631
0.454 0.646 0.612 0.978 0.760 0.931 0.345 0.885 0.659 0.469 0.943 0.948 0.361 0.109 0.111 0.103 0.652 0.923 0.625 0.757 0.728 0.720 0.392 0.001 0.878 0.760 0.447 0.220 0.671 0.467 0.710 0.486 0.708 0.370 0.707 0.323 0.989 0.766 0.202 0.257 0.182 0.125 0.044 0.711 0.028 0.221 0.982 0.822 0.137 0.252 0.336 0.816 0.119 0.338 0.290 0.039 0.839 0.546 0.358 1.000 0.732 0.407 0.110 0.460 0.694 0.798 0.681 0.151 0.645 0.849 0.918 0.894 0.632 0.633 0.597 0.038 0.264 0.771 0.302 0.093 0.031 0.766 0.065 0.057 0.224 0.564 0.228 0.560 0.911 0.242 0.025 0.908 0.316 0.196 0.266 0.901 0.318 0.423 0.107 0.455
0.437 0.005 0.691 0.491 0.783 0.103 0.834 0.975 0.745 0.346 0.012 0.418 0.836 0.654 0.998 0.694 0.992 0.319 0.727 0.969 0.433 0.791 0.838 0.895 0.695 0.579 0.350 0.231 0.206 0.732 0.130 0.960 0.490 0.014 0.576 0.697 0.526 0.267 0.165 0.501 0.846 0.739 0.468 0.107 0.542 0.990 0.965 0.378 0.848 0.625 0.889 0.486 0.463 0.109 0.724 0.820 0.087 0.719 0.359 0.732 1.000 0.391 0.961 0.840 0.737 0.002 0.491 0.762 0.767 0.825 0.394 0.377 0.913 0.630 0.247 0.841 0.211 0.061 0.755 0.907 0.198 0.127 0.392 0.219 0.144 0.816 0.071 0.373 0.587 0.260 0.214 0.142 0.191 0.855 0.240 0.156 0.692 0.779 0.511 0.402
0.340 0.995 0.151 0.337 0.568 0.421 0.990 0.816 0.575 0.429 0.673 0.188 0.886 0.400 0.828 0.060 0.198 0.991 0.059 0.791 0.746 0.552 0.215 0.583 0.752 0.109 0.307 0.548 0.804 0.014 0.531 0.793 0.550 0.981 0.017 0.115 0.669 0.342 0.051 0.016 0.070 0.891 0.171 0.351 0.001 0.725 0.271 0.223 0.787 0.614 0.960 0.582 0.028 0.924 0.065 0.628 0.435 0.275 0.078 0.407 0.391 1.000 0.607 0.373 0.934 0.914 0.763 0.024 0.755 0.807 0.363 0.686 0.534 0.486 0.143 0.159 0.319 0.353 0.204 0.975 0.266 0.617 0.808 0.548 0.179 0.748 0.011 0.427 0.488 0.754 0.862 0.313 0.187 0.111 0.023 0.632 0.518 0.767 0.632 0.586
0.675 0.403 0.433 0.261 0.123 0.435 0.479 0.340 0.555 0.744 0.708 0.123 0.219 0.688 0.501 0.458 0.772 0.244 0.581 0.970 0.845 0.658 0.716 0.628 0.751 0.610 0.245 0.607 0.682 0.085 0.930 0.601 0.827 0.503 0.825 0.593 0.245 0.355 0.442 0.206 0.230 0.060 0.407 0.712 0.911 0.973 0.501 0.465 0.860 0.751 0.495 0.203 0.567 0.075 0.155 0.053 0.824 0.038 0.510 0.110 0.961 0.607 1.000 0.873 0.797 0.109 0.402 0.177 0.571 0.110 0.936 0.263 0.132 0.740 0.885 0.542 0.485 0.995 0.571 0.780 0.174 0.596 0.843 0.871 0.425 0.517 0.790 0.677 0.288 0.914 0.961 0.475 0.589 0.862 0.029 0.177 0.313 0.824 0.148 0.148
0.693 0.609 0.427 0.593 0.365 0.981 0.381 0.297 0.605 0.332 0.054 0.542 0.267 0.715 0.943 0.970 0.133 0.984 0.524 0.460 0.289 0.480 0.644 0.528 0.955 0.544 0.876 0.675 0.031 0.453 0.959 0.492 0.910 0.930 0.372 0.988 0.921 0.146 0.503 0.336 0.685 0.366 0.091 0.112 0.626 0.452 0.277 0.330 0.209 0.968 0.084 0.145 0.570 0.085 0.946 0.558 0.487 0.374 0.465 0.460 0.840 0.373 0.873 1.000 0.541 0.063 0.259 0.754 0.010 0.427 0.601 0.090 0.157 0.284 0.296 0.010 0.865 0.605 0.547 0.471 0.554 0.957 0.352 0.813 0.695 0.103 0.578 0.152 0.687 0.210 0.410 0.456 0.801 0.347 0.661 0.720 0.968 0.443 0.265 0.570
0.167 0.699 0.388 0.548 0.301 0.911 0.617 0.657 0.685 0.468 0.798 0.446 0.175 0.923 0.282 0.722 0.890 0.718 0.994 0.206 0.589 0.154 0.253 0.908 0.069 0.850 0.090 0.245 0.371 0.410 0.207 0.671 0.331 0.055 0.679 0.793 0.556 0.906 0.645 0.486 0.749 0.363 0.798 0.672 0.676 0.159 0.243 0.959 0.087 0.765 0.482 0.549 0.852 0.858 0.912 0.524 0.297 0.603 0.536 0.694 0.737 0.934 0.797 0.541 1.000 0.953 0.659 0.677 0.868 0.412 0.164 0.467 0.656 0.883 0.446 0.943 0.884 0.320 0.661 0.940 0.030 0.553 0.003 0.463 0.541 0.138 0.865 0.646 0.798 0.125 0.448 0.331 0.969 0.493 0.005 0.717 0.603 0.880 0.570 0.491
0.143 0.278 0.410 0.851 0.690 0.648 0.382 0.524 0.697 0.719 0.512 0.455 0.547 0.674 0.896 0.899 0.788 0.195 0.428 0.201 0.269 0.725 0.968 0.841 0.004 0.423 0.818 0.675 0.716 0.102 0.457 0.654 0.754 0.932 0.872 0.214 0.356 0.154 0.103 0.250 0.913 0.362 0.467 0.479 0.781 0.174 0.064 0.464 0.289 0.539 0.529 0.320 0.136 0.031 0.239 0.476 0.428 0.247 0.408 0.798 0.002 0.914 0.109 0.063 0.953 1.000 0.549 0.215 1.000 0.023 0.393 0.327 0.776 0.352 0.186 0.732 0.900 0.572 0.801 0.342 0.344 0.006 0.781 0.583 0.490 0.058 0.624 0.412 0.127 0.782 0.994 0.158 0.546 0.947 0.425 0.436 0.666 0.321 0.019 0.831
