1.000 0.982 0.618 0.306 0.823 0.979 0.939 0.560 0.281 0.813 0.395 0.259 0.170 0.858 0.004 0.725 0.016 0.674 0.469 0.869 0.163 0.570 0.618 0.440 0.141 0.760 0.659 0.480 0.527 0.207 0.477 0.375 0.507 0.260 0.081 0.661 0.231 0.305 0.224 0.349 0.670 0.030 0.689 0.548 0.738 0.964 0.579 0.477 0.507 0.301 0.866 0.404 0.633 0.516 0.896 0.124 0.697 0.277 0.906 0.925 0.270 0.624 0.110 0.862 0.813 0.003 0.488 0.780 0.576 0.407 0.803 0.134 0.959 0.385 0.635 0.315 0.181 0.960 0.431 0.849 0.731 0.602 0.444 0.462 0.329 0.396 0.418 0.965 0.001 0.528 0.283 0.649 0.165 0.211 0.055 0.718 0.305 0.758 0.550 0.617
0.982 1.000 0.001 0.727 0.017 0.232 0.532 0.167 0.917 0.495 0.251 0.849 0.461 0.237 0.162 0.375 0.673 0.517 0.317 0.915 0.612 0.266 0.280 0.445 0.400 0.634 0.209 0.387 0.582 0.226 0.182 0.789 0.505 0.005 0.415 0.834 0.039 0.238 0.208 0.716 0.296 0.722 0.857 0.093 0.754 0.840 0.124 0.447 0.237 0.787 0.521 0.109 0.494 0.332 0.463 0.699 0.720 0.859 0.170 0.479 0.467 0.505 0.122 0.508 0.553 0.814 0.496 0.326 0.318 0.104 0.123 0.349 0.361 0.179 0.647 0.517 0.706 0.322 0.461 0.236 0.441 0.394 0.196 0.065 0.825 0.072 0.825 0.965 0.529 0.087 0.086 0.988 0.009 0.114 0.322 0.594 0.613 0.898 0.088 0.335
0.618 0.001 1.000 0.986 0.756 0.241 0.753 0.100 0.551 0.458 0.087 0.983 0.793 0.615 0.554 0.245 0.921 0.896 0.204 0.587 0.605 0.933 0.561 0.151 0.735 0.399 0.689 0.878 0.686 0.891 0.607 0.949 0.563 0.791 0.627 0.153 0.988 0.300 0.966 0.073 0.114 0.542 0.789 0.313 0.081 0.151 0.751 0.237 0.433 0.437 0.087 0.373 0.499 0.525 0.307 0.655 0.492 0.339 0.589 0.944 0.605 0.779 0.029 0.856 0.060 0.411 0.894 0.192 0.254 0.818 0.067 0.245 0.343 0.613 0.292 0.137 0.816 0.362 0.724 0.204 0.237 0.440 0.693 0.076 0.069 0.979 0.304 0.128 0.447 0.813 0.239 0.223 0.055 0.314 0.224 0.830 0.963 0.730 0.240 0.277
0.306 0.727 0.986 1.000 0.171 0.208 0.956 0.612 0.119 0.257 0.950 0.014 0.962 0.260 0.485 0.452 0.881 0.722 0.574 0.679 0.947 0.202 0.405 0.930 0.864 0.871 0.331 0.337 0.486 0.956 0.569 0.919 0.716 0.982 0.823 0.792 0.125 0.479 0.957 0.750 0.509 0.651 0.631 0.753 0.340 0.720 0.036 0.594 0.817 0.646 0.643 0.106 0.941 0.310 0.951 0.284 0.301 0.001 0.769 0.409 0.836 0.472 0.115 0.308 0.809 0.163 0.998 0.026 0.872 0.081 0.878 0.145 0.909 0.990 0.437 0.183 0.438 0.815 0.513 0.838 0.964 0.341 0.055 0.932 0.259 0.719 0.765 0.544 0.926 0.645 0.604 0.943 0.374 0.622 0.623 0.332 0.025 0.469 0.934 0.342
0.823 0.017 0.756 0.171 1.000 0.742 0.753 0.201 0.224 0.655 0.722 0.797 0.504 0.854 0.015 0.637 0.730 0.807 0.418 0.761 0.472 0.144 0.953 0.372 0.733 0.809 0.748 0.100 0.994 0.444 0.905 0.638 0.227 0.775 0.710 0.942 0.262 0.593 0.663 0.461 0.252 0.499 0.144 0.342 0.260 0.614 0.188 0.544 0.837 0.843 0.949 0.647 0.267 0.894 0.780 0.140 0.842 0.678 0.954 0.627 0.311 0.165 0.720 0.895 0.617 0.600 0.047 0.331 0.364 0.298 0.543 0.250 0.149 0.895 0.203 0.524 0.546 0.855 0.622 0.644 0.320 0.977 0.038 0.095 0.877 0.538 0.154 0.710 0.911 0.339 0.648 0.914 0.389 0.051 0.354 0.500 0.029 0.137 0.165 0.437
0.979 0.232 0.241 0.208 0.742 1.000 0.307 0.940 0.493 0.695 0.814 0.618 0.221 0.346 0.281 0.517 0.667 0.815 0.049 0.678 0.507 0.840 0.952 0.256 0.783 0.174 0.992 0.378 0.988 0.497 0.058 0.468 0.393 0.463 0.125 0.600 0.787 0.018 0.246 0.250 0.466 0.897 0.359 0.160 0.670 0.100 0.102 0.183 0.187 0.810 0.550 0.333 0.423 0.463 0.935 0.470 0.648 0.637 0.970 0.914 0.084 0.270 0.333 0.874 0.767 0.945 0.959 0.530 0.448 0.486 0.531 0.122 0.193 0.397 0.414 0.124 0.285 0.049 0.595 0.912 0.967 0.886 0.517 0.227 0.962 0.049 0.431 0.318 0.177 0.426 0.730 0.374 0.186 0.546 0.702 0.518 0.341 0.155 0.814 0.916
0.939 0.532 0.753 0.956 0.753 0.307 1.000 0.449 0.442 0.657 0.686 0.326 0.534 0.628 0.993 0.179 0.135 0.554 0.311 0.976 0.281 0.808 0.544 0.811 0.707 0.020 0.171 0.584 0.050 0.819 0.626 0.677 0.877 0.747 0.498 0.783 0.827 0.872 0.731 0.392 0.780 0.037 0.508 0.851 0.453 0.019 0.429 0.337 0.419 0.533 0.729 0.979 0.905 0.880 0.564 0.367 0.315 0.039 0.793 0.821 0.800 0.182 0.726 0.340 0.652 0.237 0.762 0.287 0.819 0.994 0.715 0.070 0.141 0.927 0.766 0.177 0.172 0.294 0.735 0.968 0.622 0.902 0.790 0.387 0.669 0.275 0.289 0.444 0.806 0.806 0.617 0.120 0.163 0.357 0.915 0.719 0.886 0.307 0.736 0.067
0.560 0.167 0.100 0.612 0.201 0.940 0.449 1.000 0.435 0.736 0.092 0.839 1.000 0.897 0.203 0.136 0.097 0.026 0.244 0.311 0.188 0.439 0.012 0.837 0.599 0.008 0.195 0.642 0.196 0.251 0.960 0.836 0.555 0.936 0.357 0.119 0.547 0.324 0.937 0.280 0.005 0.358 0.256 0.507 0.346 0.123 0.430 0.665 0.406 0.874 0.024 0.662 0.817 0.389 0.588 0.224 0.555 0.538 0.118 0.067 0.676 0.127 0.989 0.515 0.476 0.031 0.831 0.177 0.391 0.110 0.841 0.736 0.517 0.425 0.131 0.217 0.274 0.390 0.559 0.256 0.339 0.252 0.972 0.312 0.596 0.315 0.732 0.925 0.127 0.970 0.627 0.366 0.281 0.787 0.561 0.192 0.525 0.323 0.283 0.808
0.281 0.917 0.551 0.119 0.224 0.493 0.442 0.435 1.000 0.744 0.545 0.290 0.097 0.457 0.400 0.491 0.376 0.056 0.980 0.518 0.261 0.030 0.626 0.845 0.994 0.332 0.638 0.529 0.254 0.131 0.846 0.999 0.926 0.815 0.584 0.436 0.640 0.145 0.253 0.352 0.999 0.475 0.370 0.305 0.663 0.347 0.416 0.040 0.434 0.097 0.899 0.424 0.218 0.132 0.842 0.589 0.487 0.133 0.864 0.104 0.137 0.773 0.273 0.220 0.868 0.595 0.059 0.542 0.477 0.220 0.089 0.918 0.718 0.145 0.791 0.935 0.684 0.399 0.875 0.168 0.998 0.762 0.815 0.067 0.384 0.089 0.222 0.533 0.414 0.838 0.999 0.040 0.521 0.128 0.261 0.776 0.641 0.582 0.322 0.788
0.813 0.495 0.458 0.257 0.655 0.695 0.657 0.736 0.744 1.000 0.098 0.688 0.915 0.647 0.193 0.335 0.696 0.847 0.289 0.853 0.621 0.915 0.843 0.170 0.487 0.872 0.119 0.729 0.692 0.587 0.964 0.186 0.800 0.086 0.722 0.833 0.892 0.795 0.267 0.905 0.755 0.608 0.217 0.432 0.941 0.435 0.799 0.722 0.967 0.753 0.732 0.486 0.521 0.055 0.179 0.452 0.063 0.959 0.093 0.925 0.072 0.890 0.850 0.646 0.734 0.001 0.578 0.881 0.045 0.067 0.676 0.536 0.109 0.403 0.524 0.633 0.012 0.600 0.699 0.189 0.057 0.371 0.203 0.260 0.003 0.454 0.755 0.387 0.669 0.386 0.015 0.948 0.554 0.254 0.389 0.837 0.635 0.647 0.812 0.648
0.395 0.251 0.087 0.950 0.722 0.814 0.686 0.092 0.545 0.098 1.000 0.127 0.703 0.605 0.822 0.753 0.415 0.739 0.397 0.582 0.860 0.360 0.798 0.166 0.079 0.326 0.937 0.678 0.178 0.170 0.018 0.205 0.539 0.915 0.963 0.341 0.050 0.169 0.037 0.329 0.125 0.572 0.167 0.318 0.581 0.696 0.124 0.706 0.728 0.994 0.040 0.876 0.558 0.274 0.413 0.591 0.035 0.703 0.797 0.815 0.915 0.301 0.762 0.828 0.765 0.484 0.232 0.562 0.981 0.790 0.897 0.548 0.689 0.586 0.814 0.428 0.604 0.051 0.958 0.724 0.627 0.663 0.950 0.401 0.944 0.568 0.760 0.512 0.460 0.594 0.939 0.925 0.014 0.622 0.913 0.649 0.969 0.447 0.715 0.376
0.259 0.849 0.983 0.014 0.797 0.618 0.326 0.839 0.290 0.688 0.127 1.000 0.618 0.701 0.914 0.025 0.315 0.546 0.323 0.774 0.692 0.308 0.951 0.121 0.732 0.704 0.831 0.855 0.255 0.730 0.195 0.304 0.616 0.049 0.708 0.165 0.223 0.056 0.330 0.361 0.146 0.992 0.357 0.811 0.540 0.864 0.901 0.215 0.084 0.485 0.234 0.823 0.655 0.519 0.419 0.629 0.428 0.420 0.971 0.152 0.894 0.358 0.362 0.802 0.179 0.590 0.478 0.708 0.765 0.184 0.228 0.584 0.018 0.119 0.197 0.017 0.788 0.748 0.456 0.427 0.072 0.200 0.302 0.087 0.480 0.501 0.872 0.943 0.671 0.721 0.795 0.926 0.406 0.918 0.932 0.472 0.791 0.320 0.256 0.755
0.170 0.461 0.793 0.962 0.504 0.221 0.534 1.000 0.097 0.915 0.703 0.618 1.000 0.421 0.609 0.210 0.744 0.838 0.871 0.686 0.289 0.460 0.241 0.505 0.213 0.960 0.861 0.562 0.710 0.101 0.335 0.215 0.223 0.404 0.145 0.037 0.891 0.458 0.002 0.807 0.584 0.870 0.858 0.011 0.794 0.117 0.248 0.143 0.879 0.811 0.337 0.073 0.753 0.294 0.171 0.392 0.544 0.337 0.098 0.261 0.269 0.638 0.846 0.602 0.673 0.112 0.090 0.442 0.270 0.316 0.067 0.308 0.357 0.415 0.205 0.058 0.833 0.516 0.160 0.900 0.149 0.622 0.956 0.455 0.617 0.088 0.406 0.776 0.403 0.655 0.830 0.013 0.728 0.761 0.579 0.403 0.405 0.583 0.720 0.537
0.858 0.237 0.615 0.260 0.854 0.346 0.628 0.897 0.457 0.647 0.605 0.701 0.421 1.000 0.381 0.461 0.590 0.710 0.916 0.975 0.008 0.143 0.917 0.523 0.812 0.494 0.025 0.431 0.821 0.719 0.467 0.191 0.496 0.947 0.592 0.667 0.570 0.116 0.244 0.345 0.036 0.284 0.687 0.730 0.374 0.048 0.964 0.742 0.561 0.067 0.819 0.687 0.846 0.170 0.673 0.281 0.459 0.393 0.999 0.076 0.247 0.675 0.430 0.611 0.123 0.901 0.178 0.709 0.493 0.691 0.259 0.892 0.016 0.888 0.193 0.572 0.437 0.219 0.754 0.337 0.853 0.274 0.261 0.055 0.692 0.084 0.213 0.254 0.487 0.151 0.226 0.313 0.170 0.733 0.206 0.592 0.879 0.228 0.836 0.889
0.004 0.162 0.554 0.485 0.015 0.281 0.993 0.203 0.400 0.193 0.822 0.914 0.609 0.381 1.000 0.033 0.962 0.802 0.040 0.667 0.131 0.642 0.225 0.787 0.831 0.937 0.244 0.320 0.099 0.653 0.361 0.720 0.833 0.049 0.989 0.986 0.395 0.392 0.008 0.136 0.389 0.360 0.758 0.727 0.328 0.972 0.917 0.229 0.082 0.567 0.401 0.329 0.085 0.335 0.691 0.571 0.745 0.962 0.826 0.431 0.758 0.468 0.200 0.075 0.502 0.486 0.957 0.833 0.770 0.811 0.313 0.838 0.490 0.768 0.468 0.924 0.634 0.025 0.711 0.516 0.824 0.085 0.096 0.441 0.950 0.499 0.940 0.337 0.476 0.077 0.065 0.749 0.260 0.689 0.203 0.922 0.668 0.574 0.465 0.098
0.725 0.375 0.245 0.452 0.637 0.517 0.179 0.136 0.491 0.335 0.753 0.025 0.210 0.461 0.033 1.000 0.089 0.390 0.029 0.236 0.242 0.013 0.874 0.349 0.951 0.064 0.526 0.961 0.220 0.204 0.040 0.897 0.859 0.798 0.782 0.524 0.240 0.415 0.966 0.918 0.912 0.338 0.725 0.380 0.647 0.298 0.702 0.455 0.896 0.464 0.236 0.743 0.445 0.763 0.229 0.951 0.088 0.650 0.281 0.853 0.474 0.717 0.141 0.677 0.929 0.351 0.714 0.519 0.160 0.900 0.739 0.419 0.075 0.015 0.924 0.098 0.570 0.903 0.014 0.433 0.174 0.139 0.221 0.592 0.721 0.431 0.302 0.143 0.853 0.030 0.859 0.791 0.411 0.528 0.598 0.323 0.516 0.665 0.824 0.698
0.016 0.673 0.921 0.881 0.730 0.667 0.135 0.097 0.376 0.696 0.415 0.315 0.744 0.590 0.962 0.089 1.000 0.372 0.213 0.849 0.098 0.864 0.220 0.003 0.151 0.598 0.994 0.640 0.455 0.488 0.568 0.927 0.129 0.617 0.171 0.371 0.657 0.230 0.721 0.998 0.750 0.734 0.336 0.787 0.280 0.083 0.538 0.402 0.054 0.557 0.567 0.123 0.064 0.090 0.341 0.268 0.393 0.832 0.196 0.790 0.495 0.131 0.738 0.810 0.738 0.547 0.114 0.382 0.837 0.351 0.110 0.901 0.326 0.314 0.653 0.879 0.117 0.328 0.269 0.302 0.969 0.267 0.819 0.477 0.183 0.397 0.323 0.928 0.542 0.858 0.209 0.174 0.405 0.708 0.980 0.045 0.914 0.538 0.049 0.169
0.674 0.517 0.896 0.722 0.807 0.815 0.554 0.026 0.056 0.847 0.739 0.546 0.838 0.710 0.802 0.390 0.372 1.000 0.838 0.621 0.340 0.686 0.028 0.425 0.239 0.093 0.455 0.569 0.599 0.435 0.058 0.751 0.911 0.222 0.631 0.729 0.233 0.244 0.108 0.441 0.572 0.004 0.394 0.690 0.435 0.694 0.872 0.658 0.153 0.626 0.456 0.994 0.887 0.335 0.253 0.222 0.988 0.376 0.936 0.041 0.291 0.160 0.176 0.500 0.400 0.193 0.463 0.713 0.075 0.871 0.376 0.054 0.047 0.583 0.911 0.297 0.562 0.829 0.212 0.076 0.253 0.173 0.690 0.748 0.448 0.757 0.929 0.152 0.616 0.322 0.608 0.018 0.219 0.997 0.735 0.822 0.617 0.752 0.856 0.615
0.469 0.317 0.204 0.574 0.418 0.049 0.311 0.244 0.980 0.289 0.397 0.323 0.871 0.916 0.040 0.029 0.213 0.838 1.000 0.778 0.309 0.028 0.322 0.862 0.192 0.988 0.770 0.749 0.152 0.974 0.829 0.927 0.872 0.199 0.065 0.244 0.475 0.940 0.611 0.070 0.461 0.088 0.048 0.851 0.473 0.762 0.530 0.001 0.843 0.756 0.664 0.314 0.109 0.404 0.369 0.549 0.483 0.153 0.138 0.123 0.600 0.010 0.870 0.814 0.358 0.248 0.381 0.061 0.723 0.151 0.336 0.131 0.114 0.022 0.915 0.595 0.090 0.031 0.208 0.168 0.622 0.133 0.454 0.699 0.881 0.304 0.452 0.721 0.455 0.926 0.391 0.441 0.730 0.222 0.596 0.247 0.370 0.808 0.363 0.284
0.869 0.915 0.587 0.679 0.761 0.678 0.976 0.311 0.518 0.853 0.582 0.774 0.686 0.975 0.667 0.236 0.849 0.621 0.778 1.000 0.492 0.834 0.556 0.831 0.920 0.254 0.939 0.701 0.667 0.100 0.347 0.288 0.333 0.606 0.525 0.836 0.068 0.258 0.254 0.130 0.551 0.447 0.572 0.318 0.160 0.767 0.499 0.950 0.517 0.130 0.160 0.874 0.759 0.885 0.655 0.777 0.851 0.191 0.891 0.417 0.416 0.716 0.105 0.346 0.328 0.442 0.379 0.420 0.421 0.425 0.474 0.736 0.389 0.236 0.040 0.379 0.871 0.051 0.882 0.770 0.474 0.204 0.969 0.944 0.698 0.332 0.280 0.127 0.459 0.914 0.248 0.843 0.557 0.064 0.348 0.434 0.780 0.377 0.847 0.160
0.163 0.612 0.605 0.947 0.472 0.507 0.281 0.188 0.261 0.621 0.860 0.692 0.289 0.008 0.131 0.242 0.098 0.340 0.309 0.492 1.000 0.374 0.569 0.313 0.496 0.423 0.457 0.196 0.654 0.085 0.018 0.278 0.446 0.440 0.594 0.476 0.008 0.709 0.883 0.699 0.741 0.613 0.610 0.873 0.665 0.975 0.001 0.061 0.657 0.059 0.470 0.086 0.114 0.679 0.711 0.125 0.507 0.480 0.518 0.422 0.291 0.515 0.781 0.588 0.573 0.821 0.406 0.825 0.728 0.334 0.607 0.444 0.745 0.221 0.232 0.014 0.009 0.644 0.035 0.835 0.789 0.365 0.406 0.771 0.130 0.961 0.203 0.393 0.899 0.173 0.627 0.168 0.906 0.503 0.552 0.553 0.606 0.354 0.823 0.799
0.570 0.266 0.933 0.202 0.144 0.840 0.808 0.439 0.030 0.915 0.360 0.308 0.460 0.143 0.642 0.013 0.864 0.686 0.028 0.834 0.374 1.000 0.828 0.757 0.092 0.284 0.055 0.426 0.884 0.789 0.290 0.553 0.535 0.990 0.286 0.597 0.965 0.212 0.525 0.575 0.104 0.430 0.693 0.139 0.341 0.439 0.975 0.225 0.325 0.969 0.534 0.149 0.996 0.670 0.866 0.962 0.348 0.041 0.802 0.830 0.474 0.008 0.432 0.474 0.318 0.387 0.427 0.987 0.323 0.880 0.503 0.439 0.621 0.039 0.773 0.963 0.338 0.155 0.427 0.599 0.193 0.636 0.473 0.760 0.522 0.504 0.731 0.590 0.048 0.113 0.899 0.915 0.437 0.578 0.821 0.877 0.344 0.337 0.353 0.376
0.618 0.280 0.561 0.405 0.953 0.952 0.544 0.012 0.626 0.843 0.798 0.951 0.241 0.917 0.225 0.874 0.220 0.028 0.322 0.556 0.569 0.828 1.000 0.826 0.654 0.770 0.268 0.290 0.589 0.584 0.525 0.634 0.945 0.094 0.571 0.809 0.588 0.911 0.069 0.974 0.262 0.357 0.714 0.152 0.024 0.073 0.932 0.716 0.724 0.887 0.051 0.417 0.481 0.644 0.683 0.015 0.173 0.851 0.003 0.293 0.108 0.855 0.827 0.101 0.523 0.883 0.446 0.432 0.589 0.480 0.636 0.508 0.310 0.410 0.811 0.996 0.219 0.828 0.388 0.151 0.699 0.854 0.949 0.324 0.162 0.462 0.704 0.041 0.976 0.493 0.919 0.122 0.071 0.931 0.241 0.019 0.603 0.926 0.680 0.474
0.440 0.445 0.151 0.930 0.372 0.256 0.811 0.837 0.845 0.170 0.166 0.121 0.505 0.523 0.787 0.349 0.003 0.425 0.862 0.831 0.313 0.757 0.826 1.000 0.570 0.258 0.094 0.077 0.939 0.304 0.806 0.891 0.751 0.695 0.950 0.854 0.103 0.212 0.291 0.702 0.684 0.818 0.779 0.445 0.011 0.904 0.695 0.182 0.373 0.878 0.017 0.250 0.972 0.230 0.741 0.697 0.531 0.212 0.361 0.570 0.917 0.334 0.890 0.916 0.670 0.265 0.541 0.780 0.344 0.064 0.419 0.238 0.243 0.993 0.944 0.103 0.900 0.417 0.644 0.728 0.886 0.963 0.518 0.873 0.242 0.580 0.236 0.598 0.222 0.326 0.622 0.445 0.753 0.623 0.079 0.467 0.990 0.922 0.201 0.718
0.141 0.400 0.735 0.864 0.733 0.783 0.707 0.599 0.994 0.487 0.079 0.732 0.213 0.812 0.831 0.951 0.151 0.239 0.192 0.920 0.496 0.092 0.654 0.570 1.000 0.067 0.643 0.168 0.662 0.295 0.583 0.431 0.048 0.838 0.214 0.120 0.536 0.874 0.842 0.564 0.437 0.562 0.383 0.953 0.984 0.051 0.391 0.751 0.456 0.755 0.257 0.248 0.841 0.700 0.377 0.714 0.303 0.857 0.172 0.548 0.392 0.748 0.505 0.225 0.834 0.524 0.176 0.228 0.170 0.253 0.434 0.603 0.455 0.715 0.728 0.119 0.924 0.145 0.902 0.219 0.325 0.477 0.848 0.329 0.540 0.822 0.116 0.960 0.330 0.587 0.024 0.986 0.103 0.788 0.056 0.779 0.365 0.629 0.175 0.674
0.760 0.634 0.399 0.871 0.809 0.174 0.020 0.008 0.332 0.872 0.326 0.704 0.960 0.494 0.937 0.064 0.598 0.093 0.988 0.254 0.423 0.284 0.770 0.258 0.067 1.000 0.210 0.571 0.092 0.281 0.241 0.895 0.384 0.017 0.787 0.029 0.221 0.610 0.065 0.789 0.329 0.605 0.434 0.504 0.747 0.067 0.744 0.213 0.246 0.748 0.886 0.151 0.157 0.068 0.153 0.841 0.659 0.942 0.642 0.520 0.631 0.633 0.356 0.335 0.189 0.456 0.739 0.379 0.340 0.364 0.939 0.923 0.897 0.152 0.042 0.209 0.564 0.588 0.575 0.758 0.685 0.359 0.394 0.676 0.143 0.254 0.418 0.851 0.044 0.429 0.913 0.391 0.211 0.695 0.955 0.964 0.579 0.778 0.790 0.804
0.659 0.209 0.689 0.331 0.748 0.992 0.171 0.195 0.638 0.119 0.937 0.831 0.861 0.025 0.244 0.526 0.994 0.455 0.770 0.939 0.457 0.055 0.268 0.094 0.643 0.210 1.000 0.690 0.932 0.996 0.997 0.842 0.914 0.356 0.304 0.021 0.306 0.354 0.475 0.505 0.675 0.188 0.513 0.737 0.990 0.271 0.002 0.616 0.212 0.555 0.071 0.420 0.535 0.975 0.999 0.032 0.930 0.322 0.680 0.438 0.926 0.828 0.226 0.968 0.381 0.102 0.750 0.121 0.165 0.398 0.203 0.872 0.661 0.941 0.665 0.832 0.697 0.940 0.068 0.703 0.942 0.454 0.734 0.089 0.048 0.016 0.225 0.107 0.437 0.425 0.034 0.871 0.081 0.086 0.504 0.095 0.789 0.417 0.136 0.559
0.480 0.387 0.878 0.337 0.100 0.378 0.584 0.642 0.529 0.729 0.678 0.855 0.562 0.431 0.320 0.961 0.640 0.569 0.749 0.701 0.196 0.426 0.290 0.077 0.168 0.571 0.690 1.000 0.203 0.879 0.582 0.369 0.491 0.803 0.537 0.393 0.939 0.882 0.563 0.909 0.336 0.413 0.130 0.169 0.181 0.462 0.768 0.941 0.831 0.176 0.373 0.122 0.358 0.121 0.227 0.228 0.166 0.493 0.544 0.406 0.838 0.016 0.860 0.809 0.753 0.847 0.639 0.367 0.018 0.874 0.623 0.645 0.905 0.518 0.210 0.814 0.559 0.621 0.865 0.439 0.415 0.616 0.989 0.261 0.222 0.649 0.539 0.450 0.466 0.598 0.185 0.030 0.487 0.562 0.779 0.538 0.027 0.220 0.003 0.579
0.527 0.582 0.686 0.486 0.994 0.988 0.050 0.196 0.254 0.692 0.178 0.255 0.710 0.821 0.099 0.220 0.455 0.599 0.152 0.667 0.654 0.884 0.589 0.939 0.662 0.092 0.932 0.203 1.000 0.667 0.755 0.229 0.402 0.954 0.606 0.803 0.474 0.476 0.748 0.471 0.540 0.955 0.302 0.918 0.175 0.318 0.379 0.460 0.055 0.965 0.044 0.906 0.727 0.152 0.092 0.892 0.267 0.211 0.059 0.711 0.238 0.051 0.931 0.177 0.412 0.162 0.920 0.040 0.455 0.341 0.975 0.153 0.663 0.150 0.736 0.085 0.205 0.807 0.939 0.826 0.824 0.886 0.365 0.780 0.506 0.103 0.115 0.397 0.133 0.829 0.356 0.103 0.410 0.688 0.933 0.568 0.959 0.124 0.139 0.633
0.207 0.226 0.891 0.956 0.444 0.497 0.819 0.251 0.131 0.587 0.170 0.730 0.101 0.719 0.653 0.204 0.488 0.435 0.974 0.100 0.085 0.789 0.584 0.304 0.295 0.281 0.996 0.879 0.667 1.000 0.903 0.942 0.739 0.787 0.931 0.400 0.176 0.960 0.491 0.860 0.350 0.960 0.160 0.650 0.728 0.021 0.218 0.117 0.227 0.791 0.954 0.356 0.990 0.884 0.161 0.950 0.234 0.955 0.536 0.942 0.056 0.020 0.113 0.997 0.735 0.030 0.544 0.802 0.610 0.619 0.060 0.847 0.806 0.148 0.094 0.930 0.185 0.200 0.805 0.223 0.194 0.777 0.247 0.530 0.602 0.139 0.056 0.126 0.991 0.316 0.073 0.023 0.822 0.086 0.650 0.569 0.282 0.866 0.257 0.695
0.477 0.182 0.607 0.569 0.905 0.058 0.626 0.960 0.846 0.964 0.018 0.195 0.335 0.467 0.361 0.040 0.568 0.058 0.829 0.347 0.018 0.290 0.525 0.806 0.583 0.241 0.997 0.582 0.755 0.903 1.000 0.681 0.487 0.077 0.231 0.840 0.319 0.110 0.819 0.997 0.829 0.203 0.493 0.148 0.404 0.508 0.090 0.463 0.676 0.540 0.630 0.393 0.318 0.950 0.078 0.703 0.510 0.307 0.139 0.872 0.481 0.254 0.467 0.673 0.007 0.267 0.653 0.884 0.760 0.066 0.515 0.044 0.231 0.846 0.451 0.464 0.583 0.924 0.945 0.284 0.453 0.355 0.817 0.047 0.366 0.103 0.818 0.052 0.251 0.730 0.052 0.910 0.215 0.936 0.075 0.403 0.402 0.994 0.479 0.620
0.375 0.789 0.949 0.919 0.638 0.468 0.677 0.836 0.999 0.186 0.205 0.304 0.215 0.191 0.720 0.897 0.927 0.751 0.927 0.288 0.278 0.553 0.634 0.891 0.431 0.895 0.842 0.369 0.229 0.942 0.681 1.000 0.025 0.728 0.452 0.997 0.309 0.571 0.807 0.914 0.730 0.663 0.907 0.429 0.900 0.900 0.885 0.053 0.856 0.600 0.634 0.490 0.362 0.718 0.407 0.268 0.984 0.045 0.423 0.612 0.974 0.096 0.526 0.080 0.606 0.336 0.874 0.026 0.089 0.898 0.760 0.452 0.243 0.484 0.938 0.549 0.834 0.958 0.690 0.770 0.857 0.766 0.464 0.194 0.892 0.924 0.521 0.655 0.164 0.032 0.610 0.307 0.640 0.048 0.555 0.807 0.010 0.711 0.742 0.460
0.507 0.505 0.563 0.716 0.227 0.393 0.877 0.555 0.926 0.800 0.539 0.616 0.223 0.496 0.833 0.859 0.129 0.911 0.872 0.333 0.446 0.535 0.945 0.751 0.048 0.384 0.914 0.491 0.402 0.739 0.487 0.025 1.000 0.459 0.953 0.714 0.071 0.714 0.064 0.620 0.432 0.723 0.722 0.932 0.476 0.898 0.707 0.878 0.129 0.313 0.265 0.158 0.687 0.013 0.947 0.066 0.530 0.984 0.806 0.327 0.925 0.188 0.570 0.105 0.443 0.137 0.187 0.660 0.061 0.974 0.683 0.117 0.524 0.862 0.197 0.745 0.046 0.276 0.476 0.035 0.906 0.128 0.861 0.589 0.106 0.931 0.254 0.459 0.787 0.434 0.438 0.491 0.586 0.716 0.726 0.835 0.769 0.239 0.055 0.786
0.260 0.005 0.791 0.982 0.775 0.463 0.747 0.936 0.815 0.086 0.915 0.049 0.404 0.947 0.049 0.798 0.617 0.222 0.199 0.606 0.440 0.990 0.094 0.695 0.838 0.017 0.356 0.803 0.954 0.787 0.077 0.728 0.459 1.000 0.018 0.565 0.364 0.620 0.721 0.757 0.722 0.765 0.990 0.516 0.561 0.229 0.729 0.520 0.852 0.734 0.659 0.085 0.657 0.745 0.580 0.963 0.694 0.754 0.181 0.872 0.347 0.401 0.293 0.020 0.146 0.389 0.612 0.386 0.505 0.339 0.667 0.751 0.829 0.173 0.538 0.148 0.649 0.902 0.338 0.204 0.368 0.820 0.883 0.360 0.554 0.503 0.203 0.833 0.972 0.238 0.714 0.974 0.760 0.331 0.166 0.798 0.686 0.037 0.150 0.498
0.081 0.415 0.627 0.823 0.710 0.125 0.498 0.357 0.584 0.722 0.963 0.708 0.145 0.592 0.989 0.782 0.171 0.631 0.065 0.525 0.594 0.286 0.571 0.950 0.214 0.787 0.304 0.537 0.606 0.931 0.231 0.452 0.953 0.018 1.000 0.022 0.116 0.281 0.023 0.994 0.111 0.528 0.255 0.246 0.706 0.700 0.108 0.984 0.352 0.221 0.449 0.638 0.189 0.816 0.525 0.706 0.629 0.187 0.618 0.078 0.226 0.684 0.763 0.879 0.041 0.890 0.906 0.935 0.628 0.488 0.523 0.073 0.425 0.974 0.272 0.620 0.113 0.123 0.182 0.050 0.869 0.723 0.868 0.498 0.999 0.930 0.742 0.836 0.018 0.245 0.173 0.802 0.599 0.259 0.942 0.540 0.210 0.796 0.089 0.437
0.661 0.834 0.153 0.792 0.942 0.600 0.783 0.119 0.436 0.833 0.341 0.165 0.037 0.667 0.986 0.524 0.371 0.729 0.244 0.836 0.476 0.597 0.809 0.854 0.120 0.029 0.021 0.393 0.803 0.400 0.840 0.997 0.714 0.565 0.022 1.000 0.721 0.990 0.341 0.690 0.025 0.044 0.940 0.363 0.427 0.445 0.639 0.700 0.273 0.869 0.233 0.669 0.029 0.397 0.877 0.127 0.488 0.573 0.844 0.160 0.230 0.875 0.870 0.720 0.824 0.515 0.019 0.644 0.162 0.994 0.223 0.747 0.121 0.148 0.682 0.001 0.959 0.159 0.784 0.875 0.656 0.410 0.434 0.464 0.610 0.725 0.060 0.108 0.855 0.827 0.812 0.122 0.276 0.665 0.125 0.029 0.947 0.764 0.042 0.722
0.231 0.039 0.988 0.125 0.262 0.787 0.827 0.547 0.640 0.892 0.050 0.223 0.891 0.570 0.395 0.240 0.657 0.233 0.475 0.068 0.008 0.965 0.588 0.103 0.536 0.221 0.306 0.939 0.474 0.176 0.319 0.309 0.071 0.364 0.116 0.721 1.000 0.719 0.027 0.116 0.877 0.485 0.865 0.722 0.644 0.827 0.403 0.929 0.093 0.959 0.586 0.821 0.371 0.119 0.840 0.364 0.856 0.326 0.361 0.718 0.295 0.568 0.992 0.677 0.155 0.642 0.564 0.706 0.280 0.014 0.273 0.851 0.947 0.858 0.111 0.747 0.720 0.303 0.251 0.819 0.712 0.279 0.506 0.848 0.639 0.219 0.324 0.652 0.570 0.033 0.861 0.909 0.082 0.422 0.174 0.667 0.555 0.295 0.891 0.138
0.305 0.238 0.300 0.479 0.593 0.018 0.872 0.324 0.145 0.795 0.169 0.056 0.458 0.116 0.392 0.415 0.230 0.244 0.940 0.258 0.709 0.212 0.911 0.212 0.874 0.610 0.354 0.882 0.476 0.960 0.110 0.571 0.714 0.620 0.281 0.990 0.719 1.000 0.466 0.337 0.816 0.485 0.591 0.820 0.798 0.478 0.979 0.571 0.111 0.150 0.673 0.317 0.567 0.072 0.346 0.965 0.271 0.335 0.900 0.858 0.101 0.593 0.922 0.618 0.393 0.390 0.845 0.636 0.886 0.008 0.479 0.156 0.711 0.207 0.292 0.495 0.903 0.383 0.596 0.237 0.807 0.198 0.809 0.945 0.467 0.352 0.869 0.168 0.654 0.197 0.721 0.995 0.532 0.067 0.044 0.412 0.329 0.665 0.299 0.123
0.224 0.208 0.966 0.957 0.663 0.246 0.731 0.937 0.253 0.267 0.037 0.330 0.002 0.244 0.008 0.966 0.721 0.108 0.611 0.254 0.883 0.525 0.069 0.291 0.842 0.065 0.475 0.563 0.748 0.491 0.819 0.807 0.064 0.721 0.023 0.341 0.027 0.466 1.000 0.516 0.604 0.688 0.127 0.453 0.268 0.548 0.759 0.293 0.841 0.303 0.665 0.018 0.873 0.781 0.403 0.677 0.735 0.281 0.320 0.689 0.597 0.312 0.015 0.316 0.719 0.197 0.658 0.452 0.885 0.496 0.199 0.525 0.859 0.551 0.956 0.441 0.823 0.716 0.921 0.368 0.742 0.641 0.050 0.087 0.987 0.113 0.924 0.127 0.257 0.901 0.358 0.501 0.468 0.956 0.003 0.297 0.356 0.882 0.489 0.420
0.349 0.716 0.073 0.750 0.461 0.250 0.392 0.280 0.352 0.905 0.329 0.361 0.807 0.345 0.136 0.918 0.998 0.441 0.070 0.130 0.699 0.575 0.974 0.702 0.564 0.789 0.505 0.909 0.471 0.860 0.997 0.914 0.620 0.757 0.994 0.690 0.116 0.337 0.516 1.000 0.012 0.095 0.849 0.241 0.482 0.547 0.175 0.584 0.572 0.140 0.508 0.200 0.423 0.646 0.294 0.660 0.139 0.442 0.890 0.798 0.019 0.845 0.435 0.595 0.405 0.249 0.220 0.519 0.776 0.036 0.974 0.339 0.589 0.979 0.329 0.227 0.850 0.634 0.027 0.983 0.193 0.476 0.388 0.186 0.052 0.204 0.106 0.481 0.209 0.926 0.567 0.515 0.368 0.570 0.509 0.050 0.371 0.557 0.624 0.650
0.670 0.296 0.114 0.509 0.252 0.466 0.780 0.005 0.999 0.755 0.125 0.146 0.584 0.036 0.389 0.912 0.750 0.572 0.461 0.551 0.741 0.104 0.262 0.684 0.437 0.329 0.675 0.336 0.540 0.350 0.829 0.730 0.432 0.722 0.111 0.025 0.877 0.816 0.604 0.012 1.000 0.721 0.371 0.367 0.699 0.337 0.442 0.708 0.368 0.783 0.707 0.163 0.624 0.007 0.827 0.464 0.117 0.157 0.130 0.040 0.073 0.695 0.711 0.250 0.730 0.635 0.169 0.729 0.831 0.369 0.969 0.295 0.660 0.282 0.759 0.313 0.149 0.065 0.705 0.204 0.315 0.268 0.942 0.227 0.279 0.537 0.074 0.254 0.755 0.432 0.299 0.230 0.745 0.656 0.117 0.296 0.599 0.284 0.400 0.708
0.030 0.722 0.542 0.651 0.499 0.897 0.037 0.358 0.475 0.608 0.572 0.992 0.870 0.284 0.360 0.338 0.734 0.004 0.088 0.447 0.613 0.430 0.357 0.818 0.562 0.605 0.188 0.413 0.955 0.960 0.203 0.663 0.723 0.765 0.528 0.044 0.485 0.485 0.688 0.095 0.721 1.000 0.988 0.380 0.066 0.222 0.971 0.233 0.035 0.054 0.253 0.279 0.212 0.071 0.251 0.580 0.914 0.474 0.111 0.305 0.742 0.704 0.089 0.309 0.720 0.152 0.387 0.224 0.613 0.626 0.448 0.977 0.417 0.681 0.436 0.716 0.986 0.972 0.132 0.297 0.376 0.896 0.383 0.048 0.246 0.560 0.299 0.332 0.778 0.401 0.226 0.670 0.806 0.580 0.899 0.651 0.107 0.922 0.380 0.117
0.689 0.857 0.789 0.631 0.144 0.359 0.508 0.256 0.370 0.217 0.167 0.357 0.858 0.687 0.758 0.725 0.336 0.394 0.048 0.572 0.610 0.693 0.714 0.779 0.383 0.434 0.513 0.130 0.302 0.160 0.493 0.907 0.722 0.990 0.255 0.940 0.865 0.591 0.127 0.849 0.371 0.988 1.000 0.040 0.313 0.721 0.997 0.367 0.642 0.512 0.466 0.551 0.954 0.029 0.346 0.237 0.985 0.422 0.387 0.954 0.856 0.950 0.998 0.807 0.553 0.497 0.743 0.867 0.619 0.397 0.827 0.122 0.257 0.869 0.240 0.033 0.594 0.479 0.833 0.300 0.236 0.288 0.513 0.190 0.073 0.573 0.310 0.116 0.620 0.408 0.209 0.454 0.153 0.184 0.765 0.933 0.364 0.914 0.178 0.083
0.548 0.093 0.313 0.753 0.342 0.160 0.851 0.507 0.305 0.432 0.318 0.811 0.011 0.730 0.727 0.380 0.787 0.690 0.851 0.318 0.873 0.139 0.152 0.445 0.953 0.504 0.737 0.169 0.918 0.650 0.148 0.429 0.932 0.516 0.246 0.363 0.722 0.820 0.453 0.241 0.367 0.380 0.040 1.000 0.848 0.214 0.142 0.898 0.253 0.766 0.090 0.869 0.523 0.389 0.027 0.438 0.481 0.377 0.516 0.176 0.888 0.585 0.475 0.208 0.839 0.944 0.040 0.498 0.843 0.769 0.103 0.140 0.298 0.992 0.759 0.798 0.422 0.334 0.596 0.918 0.566 0.984 0.461 0.049 0.030 0.070 0.208 0.552 0.986 0.441 0.368 0.853 0.484 0.503 0.011 0.222 0.482 0.031 0.220 0.760
0.738 0.754 0.081 0.340 0.260 0.670 0.453 0.346 0.663 0.941 0.581 0.540 0.794 0.374 0.328 0.647 0.280 0.435 0.473 0.160 0.665 0.341 0.024 0.011 0.984 0.747 0.990 0.181 0.175 0.728 0.404 0.900 0.476 0.561 0.706 0.427 0.644 0.798 0.268 0.482 0.699 0.066 0.313 0.848 1.000 0.519 0.707 0.228 0.061 0.910 0.145 0.253 0.016 0.146 0.205 0.966 0.526 0.411 0.844 0.182 0.812 0.409 0.985 0.400 0.051 0.088 0.759 0.020 0.538 0.957 0.290 0.786 0.446 0.161 0.195 0.361 0.483 0.795 0.366 0.792 0.840 0.348 0.858 0.094 0.190 0.544 0.958 0.475 0.342 0.257 0.496 0.077 0.099 0.062 0.158 0.728 0.799 0.928 0.808 0.252
0.964 0.840 0.151 0.720 0.614 0.100 0.019 0.123 0.347 0.435 0.696 0.864 0.117 0.048 0.972 0.298 0.083 0.694 0.762 0.767 0.975 0.439 0.073 0.904 0.051 0.067 0.271 0.462 0.318 0.021 0.508 0.900 0.898 0.229 0.700 0.445 0.827 0.478 0.548 0.547 0.337 0.222 0.721 0.214 0.519 1.000 0.949 0.131 0.080 0.545 0.894 0.962 0.462 0.206 0.388 0.626 0.773 0.999 0.372 0.735 0.645 0.252 0.308 0.270 0.538 0.023 0.715 0.231 0.356 0.627 0.696 0.970 0.008 0.139 0.579 0.691 0.364 0.880 0.881 0.860 0.428 0.249 0.612 0.070 0.926 0.087 0.984 0.021 0.619 0.798 0.099 0.237 0.051 0.621 0.346 0.444 0.841 0.647 0.565 0.025
0.579 0.124 0.751 0.036 0.188 0.102 0.429 0.430 0.416 0.799 0.124 0.901 0.248 0.964 0.917 0.702 0.538 0.872 0.530 0.499 0.001 0.975 0.932 0.695 0.391 0.744 0.002 0.768 0.379 0.218 0.090 0.885 0.707 0.729 0.108 0.639 0.403 0.979 0.759 0.175 0.442 0.971 0.997 0.142 0.707 0.949 1.000 0.267 0.113 0.254 0.267 0.063 0.136 0.897 0.341 0.018 0.256 0.439 0.242 0.853 0.658 0.320 0.446 0.158 0.413 0.936 0.775 0.682 0.461 0.047 0.397 0.913 0.091 0.359 0.713 0.443 0.386 0.781 0.609 0.050 0.857 0.191 0.649 0.981 0.362 0.494 0.651 0.058 0.644 0.173 0.305 0.860 0.752 0.231 0.545 0.103 0.323 0.998 0.279 0.384
0.477 0.447 0.237 0.594 0.544 0.183 0.337 0.665 0.040 0.722 0.706 0.215 0.143 0.742 0.229 0.455 0.402 0.658 0.001 0.950 0.061 0.225 0.716 0.182 0.751 0.213 0.616 0.941 0.460 0.117 0.463 0.053 0.878 0.520 0.984 0.700 0.929 0.571 0.293 0.584 0.708 0.233 0.367 0.898 0.228 0.131 0.267 1.000 0.049 0.136 0.708 0.355 0.443 0.209 0.659 0.219 0.309 0.469 0.491 0.339 0.613 0.320 0.929 0.267 0.640 0.272 0.201 0.726 0.577 0.303 0.365 0.185 0.377 0.440 0.113 0.247 0.233 0.429 0.668 0.828 0.897 0.979 0.703 0.840 0.720 0.968 0.148 0.848 0.829 0.001 0.189 0.163 0.882 0.513 0.960 0.984 0.150 0.280 0.541 0.684
0.507 0.237 0.433 0.817 0.837 0.187 0.419 0.406 0.434 0.967 0.728 0.084 0.879 0.561 0.082 0.896 0.054 0.153 0.843 0.517 0.657 0.325 0.724 0.373 0.456 0.246 0.212 0.831 0.055 0.227 0.676 0.856 0.129 0.852 0.352 0.273 0.093 0.111 0.841 0.572 0.368 0.035 0.642 0.253 0.061 0.080 0.113 0.049 1.000 0.749 0.886 0.160 0.591 0.147 0.490 0.131 0.396 0.428 0.221 0.665 0.889 0.713 0.085 0.393 0.602 0.908 0.078 0.767 0.570 0.916 0.220 0.533 0.030 0.851 0.981 0.362 0.396 0.758 0.666 0.581 0.487 0.838 0.064 0.562 0.114 0.659 0.877 0.909 0.497 0.556 0.018 0.285 0.665 0.932 0.880 0.005 0.508 0.202 0.764 0.712
0.301 0.787 0.437 0.646 0.843 0.810 0.533 0.874 0.097 0.753 0.994 0.485 0.811 0.067 0.567 0.464 0.557 0.626 0.756 0.130 0.059 0.969 0.887 0.878 0.755 0.748 0.555 0.176 0.965 0.791 0.540 0.600 0.313 0.734 0.221 0.869 0.959 0.150 0.303 0.140 0.783 0.054 0.512 0.766 0.910 0.545 0.254 0.136 0.749 1.000 0.303 0.454 0.830 0.458 0.719 0.266 0.041 0.214 0.454 0.939 0.017 0.164 0.318 0.504 0.922 0.748 0.786 0.119 0.823 0.922 0.365 0.008 0.023 0.207 0.884 0.557 0.941 0.666 0.886 0.591 0.411 0.005 0.640 0.261 0.556 0.065 0.595 0.188 0.407 0.069 0.898 0.330 0.055 0.851 0.395 0.187 0.629 0.709 0.562 0.953
0.866 0.521 0.087 0.643 0.949 0.550 0.729 0.024 0.899 0.732 0.040 0.234 0.337 0.819 0.401 0.236 0.567 0.456 0.664 0.160 0.470 0.534 0.051 0.017 0.257 0.886 0.071 0.373 0.044 0.954 0.630 0.634 0.265 0.659 0.449 0.233 0.586 0.673 0.665 0.508 0.707 0.253 0.466 0.090 0.145 0.894 0.267 0.708 0.886 0.303 1.000 0.394 0.726 0.497 0.780 0.347 0.705 0.895 0.693 0.021 0.129 0.621 0.997 0.366 0.460 0.042 0.068 0.369 0.639 0.487 0.499 0.295 0.467 0.074 0.582 0.976 0.341 0.822 0.974 0.043 0.733 0.482 0.109 0.367 0.125 0.834 0.803 0.300 0.012 0.508 0.323 0.776 0.355 0.259 0.553 0.922 0.612 0.910 0.158 0.500
0.404 0.109 0.373 0.106 0.647 0.333 0.979 0.662 0.424 0.486 0.876 0.823 0.073 0.687 0.329 0.743 0.123 0.994 0.314 0.874 0.086 0.149 0.417 0.250 0.248 0.151 0.420 0.122 0.906 0.356 0.393 0.490 0.158 0.085 0.638 0.669 0.821 0.317 0.018 0.200 0.163 0.279 0.551 0.869 0.253 0.962 0.063 0.355 0.160 0.454 0.394 1.000 0.123 0.026 0.740 0.450 0.234 0.300 0.562 0.882 0.949 0.520 0.040 0.146 0.883 0.646 0.218 0.926 0.256 0.469 0.053 0.780 0.539 0.413 0.103 0.952 0.015 0.586 0.495 0.830 0.123 0.248 0.719 0.238 0.838 0.134 0.001 0.666 0.315 0.870 0.586 0.724 0.781 0.510 0.810 0.985 0.683 0.683 0.299 0.208
0.633 0.494 0.499 0.941 0.267 0.423 0.905 0.817 0.218 0.521 0.558 0.655 0.753 0.846 0.085 0.445 0.064 0.887 0.109 0.759 0.114 0.996 0.481 0.972 0.841 0.157 0.535 0.358 0.727 0.990 0.318 0.362 0.687 0.657 0.189 0.029 0.371 0.567 0.873 0.423 0.624 0.212 0.954 0.523 0.016 0.462 0.136 0.443 0.591 0.830 0.726 0.123 1.000 0.894 0.502 0.434 0.251 0.819 0.039 0.553 0.374 0.464 0.762 0.512 0.465 0.226 0.353 0.310 0.342 0.366 0.878 0.656 0.297 0.749 0.590 0.321 0.015 0.187 0.663 0.400 0.195 0.570 0.581 0.690 0.214 0.424 0.760 0.666 0.356 0.497 0.080 0.589 0.746 0.483 0.876 0.752 0.817 0.640 0.863 0.426
0.516 0.332 0.525 0.310 0.894 0.463 0.880 0.389 0.132 0.055 0.274 0.519 0.294 0.170 0.335 0.763 0.090 0.335 0.404 0.885 0.679 0.670 0.644 0.230 0.700 0.068 0.975 0.121 0.152 0.884 0.950 0.718 0.013 0.745 0.816 0.397 0.119 0.072 0.781 0.646 0.007 0.071 0.029 0.389 0.146 0.206 0.897 0.209 0.147 0.458 0.497 0.026 0.894 1.000 0.307 0.082 0.147 0.686 0.142 0.713 0.806 0.885 0.569 0.586 0.898 0.817 0.774 0.448 0.126 0.640 0.820 0.798 0.346 0.636 0.515 0.773 0.705 0.101 0.482 0.010 0.848 0.757 0.762 0.661 0.727 0.841 0.370 0.608 0.690 0.299 0.201 0.224 0.740 0.416 0.289 0.059 0.272 0.155 0.866 0.299
0.896 0.463 0.307 0.951 0.780 0.935 0.564 0.588 0.842 0.179 0.413 0.419 0.171 0.673 0.691 0.229 0.341 0.253 0.369 0.655 0.711 0.866 0.683 0.741 0.377 0.153 0.999 0.227 0.092 0.161 0.078 0.407 0.947 0.580 0.525 0.877 0.840 0.346 0.403 0.294 0.827 0.251 0.346 0.027 0.205 0.388 0.341 0.659 0.490 0.719 0.780 0.740 0.502 0.307 1.000 0.281 0.791 0.683 0.038 0.321 0.654 0.927 0.798 0.241 0.872 0.683 0.769 0.641 0.152 0.336 0.948 0.252 0.553 0.763 0.090 0.473 0.988 0.715 0.542 0.731 0.390 0.652 0.297 0.080 0.807 0.917 0.036 0.000 0.206 0.061 0.412 0.141 0.526 0.798 0.686 0.297 0.063 0.246 0.837 0.122
0.124 0.699 0.655 0.284 0.140 0.470 0.367 0.224 0.589 0.452 0.591 0.629 0.392 0.281 0.571 0.951 0.268 0.222 0.549 0.777 0.125 0.962 0.015 0.697 0.714 0.841 0.032 0.228 0.892 0.950 0.703 0.268 0.066 0.963 0.706 0.127 0.364 0.965 0.677 0.660 0.464 0.580 0.237 0.438 0.966 0.626 0.018 0.219 0.131 0.266 0.347 0.450 0.434 0.082 0.281 1.000 0.649 0.798 0.561 0.427 0.009 0.506 0.636 0.781 0.804 0.143 0.005 0.271 0.016 0.896 0.948 0.350 0.377 0.050 0.689 0.404 0.189 0.041 0.951 0.316 0.940 0.233 0.121 0.316 0.596 0.929 0.734 0.895 0.152 0.963 0.527 0.582 0.049 0.691 0.804 0.589 0.565 0.454 0.779 0.310
0.697 0.720 0.492 0.301 0.842 0.648 0.315 0.555 0.487 0.063 0.035 0.428 0.544 0.459 0.745 0.088 0.393 0.988 0.483 0.851 0.507 0.348 0.173 0.531 0.303 0.659 0.930 0.166 0.267 0.234 0.510 0.984 0.530 0.694 0.629 0.488 0.856 0.271 0.735 0.139 0.117 0.914 0.985 0.481 0.526 0.773 0.256 0.309 0.396 0.041 0.705 0.234 0.251 0.147 0.791 0.649 1.000 0.002 0.863 0.329 0.439 0.618 0.146 0.405 0.933 0.016 0.956 0.728 0.796 0.324 0.864 0.411 0.904 0.643 0.304 0.965 0.672 0.370 0.537 0.850 0.405 0.669 0.304 0.125 0.358 0.462 0.667 0.130 0.197 0.549 0.939 0.968 0.808 0.913 0.823 0.859 0.210 0.005 0.033 0.504
0.277 0.859 0.339 0.001 0.678 0.637 0.039 0.538 0.133 0.959 0.703 0.420 0.337 0.393 0.962 0.650 0.832 0.376 0.153 0.191 0.480 0.041 0.851 0.212 0.857 0.942 0.322 0.493 0.211 0.955 0.307 0.045 0.984 0.754 0.187 0.573 0.326 0.335 0.281 0.442 0.157 0.474 0.422 0.377 0.411 0.999 0.439 0.469 0.428 0.214 0.895 0.300 0.819 0.686 0.683 0.798 0.002 1.000 0.479 0.245 0.598 0.404 0.909 0.058 0.072 0.089 0.304 0.646 0.433 0.114 0.192 0.675 0.287 0.646 0.057 0.635 0.277 0.465 0.147 0.233 0.042 0.511 0.029 0.293 0.091 0.581 0.612 0.070 0.118 0.096 0.661 0.628 0.215 0.083 0.192 0.516 0.724 0.810 0.370 0.861
0.906 0.170 0.589 0.769 0.954 0.970 0.793 0.118 0.864 0.093 0.797 0.971 0.098 0.999 0.826 0.281 0.196 0.936 0.138 0.891 0.518 0.802 0.003 0.361 0.172 0.642 0.680 0.544 0.059 0.536 0.139 0.423 0.806 0.181 0.618 0.844 0.361 0.900 0.320 0.890 0.130 0.111 0.387 0.516 0.844 0.372 0.242 0.491 0.221 0.454 0.693 0.562 0.039 0.142 0.038 0.561 0.863 0.479 1.000 0.312 0.032 0.197 0.375 0.856 0.553 0.787 0.562 0.248 0.500 0.456 0.188 0.513 0.212 0.825 0.469 0.782 0.796 0.999 0.592 0.818 0.093 0.776 0.436 0.931 0.840 0.056 0.339 0.052 0.111 0.303 0.327 0.937 0.392 0.307 0.804 0.628 0.051 0.816 0.940 0.472
0.925 0.479 0.944 0.409 0.627 0.914 0.821 0.067 0.104 0.925 0.815 0.152 0.261 0.076 0.431 0.853 0.790 0.041 0.123 0.417 0.422 0.830 0.293 0.570 0.548 0.520 0.438 0.406 0.711 0.942 0.872 0.612 0.327 0.872 0.078 0.160 0.718 0.858 0.689 0.798 0.040 0.305 0.954 0.176 0.182 0.735 0.853 0.339 0.665 0.939 0.021 0.882 0.553 0.713 0.321 0.427 0.329 0.245 0.312 1.000 0.847 0.042 0.683 0.210 0.508 0.865 0.678 0.806 0.663 0.160 0.099 0.733 0.149 0.076 0.370 0.836 0.341 0.550 0.623 0.485 0.431 0.804 0.931 0.689 0.076 0.450 0.188 0.679 0.113 0.212 0.444 0.102 0.791 0.868 0.848 0.201 0.275 0.526 0.700 0.862
0.270 0.467 0.605 0.836 0.311 0.084 0.800 0.676 0.137 0.072 0.915 0.894 0.269 0.247 0.758 0.474 0.495 0.291 0.600 0.416 0.291 0.474 0.108 0.917 0.392 0.631 0.926 0.838 0.238 0.056 0.481 0.974 0.925 0.347 0.226 0.230 0.295 0.101 0.597 0.019 0.073 0.742 0.856 0.888 0.812 0.645 0.658 0.613 0.889 0.017 0.129 0.949 0.374 0.806 0.654 0.009 0.439 0.598 0.032 0.847 1.000 0.851 0.992 0.608 0.380 0.643 0.478 0.339 0.398 0.040 0.829 0.557 0.567 0.419 0.459 0.824 0.735 0.004 0.003 0.261 0.550 0.537 0.388 0.538 0.947 0.662 0.424 0.573 0.289 0.074 0.763 0.129 0.778 0.174 0.869 0.212 0.072 0.578 0.799 0.992
0.624 0.505 0.779 0.472 0.165 0.270 0.182 0.127 0.773 0.890 0.301 0.358 0.638 0.675 0.468 0.717 0.131 0.160 0.010 0.716 0.515 0.008 0.855 0.334 0.748 0.633 0.828 0.016 0.051 0.020 0.254 0.096 0.188 0.401 0.684 0.875 0.568 0.593 0.312 0.845 0.695 0.704 0.950 0.585 0.409 0.252 0.320 0.320 0.713 0.164 0.621 0.520 0.464 0.885 0.927 0.506 0.618 0.404 0.197 0.042 0.851 1.000 0.094 0.480 0.175 0.185 0.757 1.000 0.717 0.411 0.945 0.349 0.337 0.258 0.973 0.107 0.884 0.100 0.420 0.838 0.683 0.873 0.129 0.278 0.153 0.778 0.416 0.680 0.080 0.675 0.722 0.462 0.831 0.948 0.455 0.619 0.473 0.847 0.494 0.116
0.110 0.122 0.029 0.115 0.720 0.333 0.726 0.989 0.273 0.850 0.762 0.362 0.846 0.430 0.200 0.141 0.738 0.176 0.870 0.105 0.781 0.432 0.827 0.890 0.505 0.356 0.226 0.860 0.931 0.113 0.467 0.526 0.570 0.293 0.763 0.870 0.992 0.922 0.015 0.435 0.711 0.089 0.998 0.475 0.985 0.308 0.446 0.929 0.085 0.318 0.997 0.040 0.762 0.569 0.798 0.636 0.146 0.909 0.375 0.683 0.992 0.094 1.000 0.036 0.296 0.319 0.911 0.744 0.518 0.706 0.540 0.071 0.515 0.726 0.356 0.068 0.126 0.319 0.496 0.437 0.561 0.959 0.648 0.749 0.590 0.570 0.647 0.374 0.469 0.492 0.637 0.517 0.031 0.308 0.464 0.913 0.568 0.287 0.907 0.817
0.862 0.508 0.856 0.308 0.895 0.874 0.340 0.515 0.220 0.646 0.828 0.802 0.602 0.611 0.075 0.677 0.810 0.500 0.814 0.346 0.588 0.474 0.101 0.916 0.225 0.335 0.968 0.809 0.177 0.997 0.673 0.080 0.105 0.020 0.879 0.720 0.677 0.618 0.316 0.595 0.250 0.309 0.807 0.208 0.400 0.270 0.158 0.267 0.393 0.504 0.366 0.146 0.512 0.586 0.241 0.781 0.405 0.058 0.856 0.210 0.608 0.480 0.036 1.000 0.792 0.116 0.712 0.890 0.263 0.200 0.354 0.061 0.871 0.652 0.598 0.156 0.096 0.152 0.303 0.423 0.386 0.196 0.499 0.807 0.077 0.507 0.756 0.314 0.779 0.662 0.944 0.713 0.217 0.885 0.232 0.476 0.289 0.575 0.529 0.727
0.813 0.553 0.060 0.809 0.617 0.767 0.652 0.476 0.868 0.734 0.765 0.179 0.673 0.123 0.502 0.929 0.738 0.400 0.358 0.328 0.573 0.318 0.523 0.670 0.834 0.189 0.381 0.753 0.412 0.735 0.007 0.606 0.443 0.146 0.041 0.824 0.155 0.393 0.719 0.405 0.730 0.720 0.553 0.839 0.051 0.538 0.413 0.640 0.602 0.922 0.460 0.883 0.465 0.898 0.872 0.804 0.933 0.072 0.553 0.508 0.380 0.175 0.296 0.792 1.000 0.465 0.233 0.490 0.270 0.119 0.312 0.414 0.503 0.104 0.677 0.163 0.175 0.993 0.557 0.090 0.987 0.502 0.566 0.254 0.026 0.504 0.317 0.985 0.146 0.129 0.382 0.141 0.457 0.699 0.286 0.945 0.040 0.731 0.945 0.314
0.003 0.814 0.411 0.163 0.600 0.945 0.237 0.031 0.595 0.001 0.484 0.590 0.112 0.901 0.486 0.351 0.547 0.193 0.248 0.442 0.821 0.387 0.883 0.265 0.524 0.456 0.102 0.847 0.162 0.030 0.267 0.336 0.137 0.389 0.890 0.515 0.642 0.390 0.197 0.249 0.635 0.152 0.497 0.944 0.088 0.023 0.936 0.272 0.908 0.748 0.042 0.646 0.226 0.817 0.683 0.143 0.016 0.089 0.787 0.865 0.643 0.185 0.319 0.116 0.465 1.000 0.733 0.457 0.538 0.254 0.981 0.599 0.756 0.360 0.511 0.220 0.527 0.188 0.745 0.621 0.486 0.496 0.787 0.139 0.188 0.247 0.573 0.905 0.078 0.017 0.051 0.391 0.646 0.274 0.989 0.570 0.402 0.191 0.706 0.150
