1.000 0.457 0.282 0.201 0.226 0.135 0.611 0.526 0.493 0.746 0.504 0.542 0.543 0.380 0.788 0.683 0.634 0.441 0.020 0.766 0.732 0.826 0.156 0.269 0.899 0.997 0.628 0.484 0.656 0.941 0.191 0.737 0.748 0.477 0.539 0.137 0.551 0.501 0.691 0.187 0.434 0.210 0.590 0.477 0.457 0.687 0.711 0.279 0.578 0.690 0.108 0.877 0.193 0.481 0.220 0.833 0.128 0.059 0.068 0.891 0.129 0.598 0.968 0.460 0.512 0.407 0.778 0.662 0.684 0.613 0.741 0.417 0.026 0.046 0.411 0.065 0.050 0.056 0.587 0.615 0.034 0.127 0.345 0.145 0.940 0.378 0.369 0.873 0.285 0.005 0.102 0.836 0.299 0.364 0.924 0.688 0.517 0.601 0.583 0.034
0.457 1.000 0.685 0.373 0.058 0.538 0.651 0.991 0.600 0.524 0.555 0.153 0.164 0.003 0.082 0.609 0.044 0.004 0.682 0.799 0.419 0.233 0.827 0.001 0.455 0.138 0.495 0.597 0.217 0.107 0.248 0.147 0.323 0.284 0.285 0.553 0.923 0.142 0.337 0.378 0.230 0.057 0.514 0.925 0.476 0.648 0.514 0.235 0.687 0.665 0.771 0.754 0.730 0.313 0.799 0.474 0.536 0.416 0.285 0.875 0.994 0.432 0.476 0.853 0.854 0.101 0.762 0.266 0.446 0.961 0.382 0.685 0.422 0.364 0.536 0.449 0.865 0.367 0.365 0.488 0.955 0.173 0.549 0.960 0.142 0.530 0.483 0.226 0.289 0.363 0.962 0.228 0.436 0.853 0.304 0.839 0.916 0.287 0.049 0.738
0.282 0.685 1.000 0.973 0.920 0.003 0.133 0.991 0.099 0.402 0.291 0.706 0.973 0.882 0.684 0.025 0.962 0.735 0.980 0.688 0.013 0.573 0.765 0.800 0.810 0.018 0.636 0.682 0.875 0.716 0.292 0.476 0.676 0.817 0.161 0.774 0.319 0.716 0.644 0.482 0.458 0.570 0.384 0.791 0.041 0.824 0.032 0.915 0.693 0.017 0.635 0.445 0.380 0.088 0.012 0.980 0.383 0.097 0.860 0.884 0.054 0.518 0.400 0.828 0.821 0.430 0.389 0.919 0.888 0.692 0.500 0.436 0.894 0.249 0.329 0.508 0.970 0.603 0.583 0.564 0.111 0.617 0.243 0.670 0.694 0.668 0.318 0.839 0.761 0.109 0.205 0.003 0.461 0.446 0.273 0.069 0.123 0.921 0.995 0.304
0.201 0.373 0.973 1.000 0.016 0.729 0.803 0.804 0.923 0.626 0.157 0.678 0.969 0.101 0.529 0.587 0.264 0.601 0.637 0.050 0.239 0.871 0.768 0.403 0.877 0.608 0.723 0.481 0.193 0.955 0.619 0.835 0.143 0.453 0.587 0.801 0.033 0.124 0.540 0.574 0.954 0.725 0.853 0.288 0.402 0.861 0.334 0.856 0.940 0.642 0.059 0.943 0.338 0.489 0.526 0.805 0.880 0.693 0.574 0.494 0.558 0.416 0.016 0.006 0.218 0.029 0.738 0.590 0.337 0.930 0.649 0.333 0.439 0.628 0.956 0.626 0.363 0.972 0.503 0.874 0.864 0.647 0.978 0.413 0.388 0.588 0.037 0.345 0.861 0.075 0.831 0.765 0.532 0.780 0.587 0.920 0.953 0.453 0.398 0.477
0.226 0.058 0.920 0.016 1.000 0.579 0.255 0.362 0.131 0.858 0.243 0.693 0.311 0.859 0.816 0.211 0.976 0.162 0.236 0.540 0.391 0.893 0.291 0.902 0.989 0.482 0.631 0.382 0.103 0.663 0.499 0.296 0.910 0.582 0.303 0.061 0.976 0.066 0.454 0.129 0.648 0.714 0.209 0.902 0.139 0.334 0.198 0.216 0.816 0.897 0.555 0.720 0.963 0.412 0.136 0.535 0.207 0.327 0.202 0.728 0.614 0.824 0.047 0.665 0.914 0.437 0.259 0.145 0.872 0.245 0.656 0.380 0.787 0.935 0.972 0.123 0.812 0.384 0.092 0.039 0.954 0.384 0.160 0.429 0.436 0.217 0.746 0.182 0.303 0.078 0.519 0.704 0.472 0.545 0.825 0.159 0.420 0.439 0.024 0.075
0.135 0.538 0.003 0.729 0.579 1.000 0.389 0.084 0.630 0.499 0.333 0.827 0.092 0.788 0.189 0.138 0.505 0.503 0.061 0.931 0.059 0.325 0.493 0.236 0.950 0.790 0.935 0.200 0.728 0.038 0.112 0.593 0.928 0.783 0.173 0.747 0.236 0.102 0.382 0.753 0.517 0.879 0.082 0.015 0.029 0.212 0.180 0.963 0.168 0.006 0.230 0.892 0.575 0.778 0.090 0.391 0.881 0.665 0.002 0.598 0.106 0.594 0.048 0.430 0.944 0.978 0.229 0.283 0.418 0.687 0.907 0.626 0.240 0.518 0.985 0.859 0.447 0.299 0.240 0.279 0.492 0.694 0.609 0.241 0.427 0.860 0.959 0.984 0.935 0.049 0.595 0.213 0.894 0.615 0.999 0.726 0.213 0.574 0.603 0.395
0.611 0.651 0.133 0.803 0.255 0.389 1.000 0.706 0.513 0.214 0.820 0.706 0.902 0.164 0.001 0.786 0.341 0.708 0.095 0.946 0.719 0.314 0.164 0.499 0.366 0.704 0.873 0.291 0.181 0.977 0.394 0.113 0.163 0.011 0.594 0.999 0.846 0.925 0.061 0.253 0.134 0.286 0.048 0.915 0.950 0.806 0.693 0.870 0.543 0.268 0.920 0.582 0.719 0.526 0.133 0.280 0.197 0.159 0.778 0.259 0.973 0.326 0.717 0.187 0.260 0.932 0.680 0.718 0.093 0.991 0.305 0.108 0.221 0.376 0.964 0.580 0.928 0.055 0.932 0.085 0.757 0.354 0.866 0.080 0.334 0.105 0.167 0.176 0.749 0.991 0.373 0.586 0.963 0.370 0.049 0.540 0.927 0.120 0.182 0.631
0.526 0.991 0.991 0.804 0.362 0.084 0.706 1.000 0.813 0.968 0.095 0.810 0.644 0.552 0.642 0.886 0.959 0.124 0.290 0.668 0.765 0.696 0.586 0.262 0.061 0.712 0.953 0.914 0.250 0.625 0.963 0.870 0.240 0.941 0.960 0.523 0.115 0.978 0.769 0.125 0.308 0.116 0.438 0.478 0.483 0.901 0.090 0.709 0.623 0.205 0.368 0.978 0.147 0.134 0.904 0.374 0.680 0.981 0.663 0.090 0.894 0.958 0.697 0.346 0.660 0.311 0.446 0.297 0.745 0.289 0.183 0.083 0.889 0.953 0.634 0.279 0.785 0.514 0.890 0.124 0.159 0.402 0.895 0.498 0.335 0.239 0.489 0.655 0.673 0.507 0.492 0.680 0.417 0.759 0.692 0.189 0.465 0.202 0.962 0.485
0.493 0.600 0.099 0.923 0.131 0.630 0.513 0.813 1.000 0.438 0.728 0.800 0.091 0.998 0.037 0.871 0.430 0.329 0.338 0.345 0.842 0.804 0.532 0.025 0.182 0.743 0.522 0.330 0.238 0.321 0.777 0.225 0.341 0.283 0.919 0.917 0.571 0.063 0.191 0.948 0.619 0.549 0.731 0.974 0.526 0.754 0.174 0.129 0.568 0.814 0.732 0.459 0.858 0.454 0.191 0.747 0.685 0.738 0.970 0.770 0.347 0.129 0.568 0.539 0.578 0.160 0.448 0.052 0.864 0.902 0.427 0.342 0.247 0.628 0.120 0.326 0.018 0.699 0.711 0.748 0.623 0.641 0.545 0.130 0.455 0.036 0.023 0.509 0.707 0.146 0.734 0.905 0.052 0.718 0.383 0.114 0.512 0.778 0.052 0.697
0.746 0.524 0.402 0.626 0.858 0.499 0.214 0.968 0.438 1.000 0.928 0.921 0.719 0.615 0.807 0.218 0.509 0.116 0.031 0.007 0.335 0.204 0.282 0.471 0.392 0.858 0.385 0.786 0.626 0.660 0.206 0.345 0.939 0.483 0.186 0.846 0.180 0.840 0.128 0.284 0.660 0.189 0.836 0.918 0.622 0.876 0.074 0.312 0.621 0.216 0.941 0.089 0.035 0.007 0.099 0.230 0.505 0.279 0.067 0.439 0.266 0.930 0.543 0.683 0.691 0.882 0.199 0.357 0.927 0.822 0.068 0.350 0.968 0.062 0.074 0.639 0.614 0.785 0.811 0.832 0.704 0.839 0.946 0.266 0.482 0.139 0.420 0.789 0.450 0.005 0.045 0.694 0.998 0.193 0.321 0.083 0.984 0.845 0.961 0.272
0.504 0.555 0.291 0.157 0.243 0.333 0.820 0.095 0.728 0.928 1.000 0.124 0.647 0.273 0.792 0.289 0.093 0.739 0.238 0.067 0.209 0.088 0.963 0.554 0.944 0.407 0.365 0.424 0.161 0.455 0.742 0.397 0.027 0.407 0.267 0.438 0.005 0.019 0.006 0.499 0.868 0.662 0.628 0.198 0.385 0.098 0.073 0.692 0.082 0.542 0.262 0.628 0.730 0.620 0.112 0.340 0.182 0.459 0.911 0.644 0.273 0.614 0.741 0.410 0.630 0.619 0.029 0.402 0.857 0.155 0.288 0.750 0.052 0.068 0.615 0.521 0.411 0.302 0.272 0.434 0.971 0.722 0.538 0.901 0.562 0.352 0.289 0.070 0.728 0.613 0.911 0.915 0.944 0.922 0.451 0.219 0.312 0.957 0.052 0.239
0.542 0.153 0.706 0.678 0.693 0.827 0.706 0.810 0.800 0.921 0.124 1.000 0.913 0.248 0.845 0.944 0.498 0.992 0.358 0.809 0.678 0.341 0.137 0.943 0.212 0.750 0.711 0.269 0.760 0.417 0.606 0.130 0.474 0.064 0.689 0.207 0.602 0.788 0.897 0.390 0.962 0.644 0.380 0.866 0.858 0.183 0.985 0.214 0.626 0.128 0.092 0.672 0.303 0.853 0.994 0.419 0.451 0.465 0.779 0.457 0.178 0.171 0.701 0.385 0.159 0.814 0.330 0.053 0.282 0.839 0.963 0.195 0.721 0.647 0.529 0.698 0.038 0.765 0.869 0.642 0.522 0.249 0.063 0.733 0.259 0.618 0.109 0.823 0.502 0.173 0.970 0.073 0.588 0.002 0.322 0.643 0.217 0.174 0.258 0.391
0.543 0.164 0.973 0.969 0.311 0.092 0.902 0.644 0.091 0.719 0.647 0.913 1.000 0.931 0.717 0.769 0.614 0.014 0.294 0.772 0.150 0.010 0.457 0.616 0.993 0.683 0.801 0.560 0.894 0.122 0.914 0.429 0.323 0.715 0.618 0.600 0.044 0.208 0.721 0.497 0.364 0.717 0.977 0.759 0.227 0.684 0.735 0.799 0.190 0.791 0.388 0.791 0.603 0.908 0.363 0.772 0.884 0.087 0.971 0.184 0.911 0.833 0.871 0.897 0.119 0.001 0.231 0.219 0.869 0.754 0.508 0.524 0.780 0.492 0.089 0.380 0.985 0.301 0.139 0.448 0.051 0.460 0.719 0.047 0.897 0.742 0.974 0.689 0.084 0.971 0.403 0.186 0.624 0.386 0.926 0.990 0.099 0.966 0.123 0.950
0.380 0.003 0.882 0.101 0.859 0.788 0.164 0.552 0.998 0.615 0.273 0.248 0.931 1.000 0.005 0.464 0.991 0.387 0.204 0.984 0.836 0.437 0.764 0.822 0.108 0.196 0.184 0.679 0.374 0.606 0.918 0.045 0.726 0.453 0.965 0.718 0.523 0.083 0.556 0.057 0.661 0.462 0.412 0.582 0.582 0.837 0.881 0.914 0.231 0.679 0.459 0.185 0.085 0.791 0.589 0.081 0.719 0.945 0.850 0.815 0.701 0.537 0.196 0.023 0.292 0.734 0.893 0.586 1.000 0.418 0.936 0.497 0.358 0.750 0.424 0.286 0.820 0.955 0.696 0.981 0.141 0.134 0.413 0.906 0.994 0.142 0.336 0.035 0.465 0.502 0.375 0.640 0.005 0.522 0.729 0.253 0.595 0.368 0.579 0.332
0.788 0.082 0.684 0.529 0.816 0.189 0.001 0.642 0.037 0.807 0.792 0.845 0.717 0.005 1.000 0.647 0.111 0.421 0.925 0.816 0.523 0.944 0.045 0.346 0.609 0.029 0.602 0.827 0.440 0.182 0.949 0.094 0.840 0.608 0.775 0.399 0.951 0.583 0.001 0.331 0.574 0.667 0.158 0.641 0.290 0.095 0.881 0.176 0.179 0.670 0.798 0.078 0.067 0.341 0.595 0.613 0.460 0.459 0.790 0.051 0.996 0.650 0.110 0.939 0.962 0.617 0.776 0.283 0.037 0.636 0.942 0.602 0.117 0.255 0.629 0.150 0.244 0.280 0.203 0.366 0.581 0.053 0.302 0.440 0.268 0.768 0.238 0.439 0.420 0.580 0.582 0.588 0.170 0.257 0.408 0.468 0.692 0.952 0.143 0.967
0.683 0.609 0.025 0.587 0.211 0.138 0.786 0.886 0.871 0.218 0.289 0.944 0.769 0.464 0.647 1.000 0.241 0.934 0.584 0.948 0.563 0.810 0.286 0.069 0.732 0.336 0.607 0.515 0.235 0.634 0.867 0.858 0.436 0.080 0.214 0.069 0.759 0.901 0.126 0.675 0.758 0.350 0.578 0.888 0.722 0.945 0.886 0.152 0.194 0.480 0.543 0.539 0.892 0.133 0.357 0.249 0.024 0.079 0.451 0.001 0.803 0.234 0.232 0.512 0.947 0.394 0.793 0.012 0.628 0.629 0.610 0.291 0.040 0.585 0.518 0.641 0.788 0.350 0.985 0.418 0.979 0.604 0.049 0.978 0.261 0.408 0.870 0.265 0.042 0.767 0.569 0.261 0.094 0.949 0.847 0.068 0.791 0.038 0.331 0.585
0.634 0.044 0.962 0.264 0.976 0.505 0.341 0.959 0.430 0.509 0.093 0.498 0.614 0.991 0.111 0.241 1.000 0.629 0.908 0.871 0.521 0.727 0.422 0.021 0.396 0.200 0.733 0.618 0.705 0.049 0.096 0.496 0.797 0.970 0.916 0.924 0.588 0.445 0.110 0.743 0.883 0.422 0.073 0.176 0.830 0.812 0.389 0.146 0.297 0.128 0.803 0.433 0.686 0.829 0.902 0.027 0.697 0.443 0.128 0.380 0.227 0.587 0.015 0.912 0.294 0.104 0.955 0.790 0.916 0.164 0.952 0.734 0.857 0.608 0.733 0.136 0.126 0.801 0.457 0.866 0.661 0.775 0.361 0.075 0.661 0.053 0.337 0.406 0.141 0.545 0.261 0.518 0.427 0.558 0.311 0.160 0.021 0.279 0.486 0.591
0.441 0.004 0.735 0.601 0.162 0.503 0.708 0.124 0.329 0.116 0.739 0.992 0.014 0.387 0.421 0.934 0.629 1.000 0.727 0.482 0.126 0.360 0.432 0.977 0.866 0.113 0.254 0.515 0.299 0.944 0.133 0.308 0.581 0.515 0.819 0.359 0.679 0.918 0.039 0.703 0.777 0.811 0.653 0.126 0.487 0.176 0.939 0.936 0.953 0.389 0.463 0.104 0.645 0.113 0.883 0.269 0.638 0.835 0.292 0.266 0.155 0.298 0.427 0.789 0.982 0.929 0.536 0.668 0.205 0.123 0.720 0.714 0.116 0.357 0.727 0.942 0.127 0.269 0.509 0.139 0.910 0.846 0.847 0.904 0.456 0.682 0.478 0.602 0.387 0.531 0.145 0.126 0.012 0.954 0.183 0.663 0.426 0.135 0.444 0.775
0.020 0.682 0.980 0.637 0.236 0.061 0.095 0.290 0.338 0.031 0.238 0.358 0.294 0.204 0.925 0.584 0.908 0.727 1.000 0.278 0.888 0.308 0.509 0.151 0.834 0.635 0.443 0.119 0.429 0.110 0.275 0.451 0.248 0.537 0.892 0.667 0.925 0.146 0.135 0.587 0.615 0.655 0.062 0.442 0.612 0.370 0.640 0.831 0.875 0.495 0.861 0.686 0.531 0.741 0.184 0.955 0.913 0.990 0.694 0.377 0.122 0.438 0.909 0.484 0.444 0.674 0.961 0.254 0.327 0.739 0.017 0.043 0.934 0.926 0.956 0.306 0.970 0.903 0.317 0.023 0.476 0.793 0.414 0.087 0.849 0.818 0.007 0.790 0.453 0.146 0.611 0.631 0.828 0.870 0.934 0.833 0.351 0.772 0.915 0.461
0.766 0.799 0.688 0.050 0.540 0.931 0.946 0.668 0.345 0.007 0.067 0.809 0.772 0.984 0.816 0.948 0.871 0.482 0.278 1.000 0.656 0.182 0.065 0.338 0.605 0.895 0.359 0.242 0.251 0.520 0.463 0.775 0.438 0.232 0.424 0.943 0.420 0.370 0.973 0.818 0.151 0.791 0.021 0.019 0.554 0.460 0.352 0.818 0.006 0.755 0.018 0.458 0.649 0.020 0.912 0.372 0.765 0.580 0.527 0.970 0.938 0.061 0.145 0.551 0.576 0.966 0.677 0.957 0.869 0.959 0.168 0.427 0.410 0.896 0.825 0.141 0.638 0.391 0.938 0.906 0.377 0.804 0.721 0.217 0.627 0.524 0.031 0.531 0.062 0.735 0.310 0.900 0.408 0.028 0.437 0.617 0.048 0.589 0.867 0.872
0.732 0.419 0.013 0.239 0.391 0.059 0.719 0.765 0.842 0.335 0.209 0.678 0.150 0.836 0.523 0.563 0.521 0.126 0.888 0.656 1.000 0.483 0.412 0.780 0.372 0.335 0.803 0.109 0.845 0.471 0.999 0.296 0.196 0.394 0.014 0.484 0.192 0.629 0.791 1.000 0.472 0.737 0.213 0.935 0.429 0.702 0.119 0.534 0.979 0.499 0.765 0.644 0.143 0.664 0.263 0.078 0.944 0.174 0.925 0.768 0.992 0.262 0.299 0.733 0.146 0.799 0.032 0.965 0.735 0.166 0.663 0.536 0.727 0.442 0.534 0.304 0.832 0.548 0.715 0.953 0.634 0.488 0.634 0.466 0.044 0.236 0.525 0.148 0.569 0.634 0.436 0.034 0.552 0.370 0.914 0.502 0.002 0.320 0.015 0.490
0.826 0.233 0.573 0.871 0.893 0.325 0.314 0.696 0.804 0.204 0.088 0.341 0.010 0.437 0.944 0.810 0.727 0.360 0.308 0.182 0.483 1.000 0.381 0.790 0.476 0.035 0.198 0.097 0.737 0.925 0.964 0.431 0.069 0.458 0.674 0.106 0.794 0.798 0.633 0.562 0.914 0.354 0.959 0.466 0.033 0.672 0.544 0.343 0.758 0.605 0.217 0.904 0.188 0.020 0.144 0.770 0.117 0.502 0.241 0.273 0.211 0.384 0.031 0.346 0.079 0.336 0.641 0.164 0.455 0.755 0.475 0.909 0.166 0.508 0.272 0.596 0.812 0.731 0.336 0.265 0.037 0.600 0.794 0.933 0.556 0.761 0.383 0.388 0.388 0.759 0.249 0.932 0.241 0.619 0.731 0.072 0.318 0.052 0.681 0.172
0.156 0.827 0.765 0.768 0.291 0.493 0.164 0.586 0.532 0.282 0.963 0.137 0.457 0.764 0.045 0.286 0.422 0.432 0.509 0.065 0.412 0.381 1.000 0.431 0.111 0.218 0.671 0.841 0.601 0.140 0.724 0.849 0.245 0.536 0.841 0.242 0.437 0.689 0.170 0.515 0.372 0.082 0.788 0.286 0.045 0.744 0.184 0.508 0.799 0.731 0.594 0.614 0.698 0.040 0.146 0.182 0.570 0.701 0.243 0.027 0.245 0.837 0.965 0.694 0.599 0.956 0.954 0.325 0.055 0.243 0.072 0.143 0.279 0.095 0.275 0.576 0.953 0.523 0.330 0.675 0.839 0.987 0.652 0.634 0.582 0.341 0.234 0.832 0.304 0.981 0.645 0.934 0.585 0.659 0.249 0.321 0.532 0.093 0.245 0.546
0.269 0.001 0.800 0.403 0.902 0.236 0.499 0.262 0.025 0.471 0.554 0.943 0.616 0.822 0.346 0.069 0.021 0.977 0.151 0.338 0.780 0.790 0.431 1.000 0.673 0.808 0.945 0.129 0.615 0.339 0.691 0.647 0.234 0.986 0.216 0.582 0.214 0.094 0.131 0.269 0.950 0.189 0.262 0.782 0.558 0.380 0.458 0.927 0.451 0.704 0.438 0.837 0.374 0.557 0.536 0.717 0.467 0.517 0.614 0.110 0.091 0.370 0.688 0.032 0.623 0.252 0.076 0.283 0.127 0.255 0.151 0.843 0.372 0.816 0.215 0.405 0.176 0.680 0.935 0.958 0.042 0.185 0.995 0.935 0.868 0.891 0.093 0.089 0.572 0.952 0.664 0.762 0.163 0.654 0.720 0.145 0.225 0.625 0.058 0.482
0.899 0.455 0.810 0.877 0.989 0.950 0.366 0.061 0.182 0.392 0.944 0.212 0.993 0.108 0.609 0.732 0.396 0.866 0.834 0.605 0.372 0.476 0.111 0.673 1.000 0.957 0.875 0.744 0.030 0.858 0.280 0.144 0.681 0.962 0.579 0.400 0.640 0.610 0.244 0.330 0.222 0.453 0.446 0.052 0.807 0.847 0.935 0.804 0.716 0.932 0.804 0.578 0.461 0.557 0.648 0.882 0.589 0.805 0.400 0.093 0.660 0.788 0.260 0.039 0.775 0.749 0.686 0.878 0.749 0.081 0.099 0.262 0.585 0.131 0.415 0.250 0.405 0.796 0.053 0.988 0.246 0.953 0.899 0.498 0.860 0.522 0.403 0.844 0.048 0.192 0.979 0.833 0.849 0.252 0.780 0.202 0.232 0.391 0.175 0.195
0.997 0.138 0.018 0.608 0.482 0.790 0.704 0.712 0.743 0.858 0.407 0.750 0.683 0.196 0.029 0.336 0.200 0.113 0.635 0.895 0.335 0.035 0.218 0.808 0.957 1.000 0.906 0.666 0.335 0.230 0.058 0.693 0.135 0.864 0.909 0.514 0.051 0.170 0.370 0.676 0.688 0.771 0.256 0.321 0.674 0.488 0.043 0.438 0.252 0.928 0.592 0.206 0.224 0.613 0.437 0.108 0.985 0.406 0.735 0.596 0.599 0.812 0.942 0.722 0.367 0.695 0.347 0.212 0.688 0.214 0.729 0.496 0.773 0.705 0.311 0.025 0.009 0.291 0.150 0.915 0.320 0.223 0.954 0.177 0.207 0.912 0.705 0.869 0.320 0.381 0.652 0.981 0.507 0.785 0.960 0.855 0.025 0.277 0.342 0.168
0.628 0.495 0.636 0.723 0.631 0.935 0.873 0.953 0.522 0.385 0.365 0.711 0.801 0.184 0.602 0.607 0.733 0.254 0.443 0.359 0.803 0.198 0.671 0.945 0.875 0.906 1.000 0.156 0.403 0.608 0.493 0.590 0.843 0.821 0.946 0.789 0.420 0.654 0.906 0.113 0.071 0.024 0.942 0.621 0.931 0.872 0.373 0.292 0.488 0.829 0.318 0.795 0.426 0.030 0.321 0.392 0.201 0.965 0.597 0.673 0.208 0.178 0.311 0.646 0.279 0.823 0.074 0.356 0.498 0.693 0.847 0.832 0.296 0.850 0.534 0.001 0.733 0.277 0.080 0.813 0.467 0.921 0.317 0.184 0.615 0.743 0.922 0.839 0.580 0.720 0.375 0.066 0.823 0.516 0.227 0.440 0.137 0.015 0.199 0.868
0.484 0.597 0.682 0.481 0.382 0.200 0.291 0.914 0.330 0.786 0.424 0.269 0.560 0.679 0.827 0.515 0.618 0.515 0.119 0.242 0.109 0.097 0.841 0.129 0.744 0.666 0.156 1.000 0.308 0.908 0.675 0.667 0.645 0.910 0.905 0.673 0.069 0.998 0.003 0.255 0.397 0.379 0.468 0.726 0.452 0.430 0.581 0.853 0.905 0.757 0.486 0.960 0.772 0.080 0.175 0.343 0.562 0.924 0.265 0.004 0.229 0.038 0.154 0.975 0.545 0.179 0.869 0.347 0.866 0.481 0.525 0.615 0.207 0.625 0.426 0.065 0.668 0.976 0.918 0.937 0.943 0.919 0.496 0.560 0.913 0.342 0.371 0.977 0.238 0.681 0.229 0.784 0.160 0.235 0.755 0.086 0.148 0.657 0.217 0.541
0.656 0.217 0.875 0.193 0.103 0.728 0.181 0.250 0.238 0.626 0.161 0.760 0.894 0.374 0.440 0.235 0.705 0.299 0.429 0.251 0.845 0.737 0.601 0.615 0.030 0.335 0.403 0.308 1.000 0.133 0.068 0.781 0.059 0.636 0.242 0.593 0.346 0.264 0.302 0.830 0.393 0.699 0.905 0.457 0.343 0.277 0.398 0.569 0.158 0.616 0.501 0.388 0.334 0.497 0.096 0.941 0.996 0.237 0.280 0.356 0.916 0.930 0.474 0.380 0.721 0.578 0.646 0.678 0.528 0.634 0.770 0.844 0.050 0.648 0.766 0.752 0.336 0.283 0.435 0.627 0.662 0.391 0.478 0.218 0.896 0.103 0.489 0.024 0.148 0.198 0.035 0.112 0.616 0.848 0.421 0.891 0.964 0.947 0.803 0.426
0.941 0.107 0.716 0.955 0.663 0.038 0.977 0.625 0.321 0.660 0.455 0.417 0.122 0.606 0.182 0.634 0.049 0.944 0.110 0.520 0.471 0.925 0.140 0.339 0.858 0.230 0.608 0.908 0.133 1.000 0.763 0.573 0.255 0.776 0.777 0.387 0.188 0.339 0.294 0.058 0.506 0.905 0.905 0.575 0.605 0.449 0.118 0.179 0.768 0.616 0.896 0.010 0.153 0.604 0.194 0.412 0.976 0.346 0.767 0.982 0.396 0.562 0.478 0.065 0.324 0.214 0.273 0.352 0.225 0.026 0.307 0.586 0.190 0.204 0.907 0.049 0.723 0.778 0.183 0.504 0.061 0.836 0.465 0.014 0.750 0.118 0.534 0.951 0.912 0.800 0.268 0.383 0.471 0.800 0.639 0.755 0.061 0.778 0.436 0.934
0.191 0.248 0.292 0.619 0.499 0.112 0.394 0.963 0.777 0.206 0.742 0.606 0.914 0.918 0.949 0.867 0.096 0.133 0.275 0.463 0.999 0.964 0.724 0.691 0.280 0.058 0.493 0.675 0.068 0.763 1.000 0.756 0.693 0.684 0.841 0.421 0.730 0.548 0.882 0.126 0.909 0.045 0.739 0.814 0.264 0.517 0.952 0.507 0.669 0.635 0.931 0.004 0.977 0.166 0.413 0.760 0.417 0.706 0.200 0.921 0.485 0.549 0.910 0.084 0.477 0.511 0.039 0.898 0.335 0.465 0.230 0.547 0.858 0.148 0.555 0.168 0.640 0.212 0.936 0.142 0.939 0.367 0.850 0.088 0.169 0.618 0.448 0.042 0.326 0.524 0.722 0.007 0.035 0.571 0.932 0.319 0.283 0.733 0.791 0.568
0.737 0.147 0.476 0.835 0.296 0.593 0.113 0.870 0.225 0.345 0.397 0.130 0.429 0.045 0.094 0.858 0.496 0.308 0.451 0.775 0.296 0.431 0.849 0.647 0.144 0.693 0.590 0.667 0.781 0.573 0.756 1.000 0.057 0.979 0.095 0.622 0.223 0.884 0.057 0.155 0.450 0.650 0.093 0.522 0.907 0.310 0.342 0.678 0.077 0.535 0.250 0.445 0.590 0.542 0.625 0.682 0.761 0.243 0.808 0.917 0.085 0.795 0.657 0.773 0.022 0.729 0.300 0.131 0.904 0.451 0.642 0.949 0.532 0.743 0.203 0.803 0.185 0.966 0.374 0.117 0.864 0.732 0.239 0.307 0.889 0.348 0.976 0.994 0.771 0.822 0.717 0.681 0.703 0.508 0.340 0.231 0.620 0.619 0.779 0.780
0.748 0.323 0.676 0.143 0.910 0.928 0.163 0.240 0.341 0.939 0.027 0.474 0.323 0.726 0.840 0.436 0.797 0.581 0.248 0.438 0.196 0.069 0.245 0.234 0.681 0.135 0.843 0.645 0.059 0.255 0.693 0.057 1.000 0.150 0.692 0.660 0.619 0.203 0.000 0.313 0.377 0.847 0.805 0.827 0.881 0.146 0.798 0.001 0.747 0.109 0.998 0.868 0.781 0.233 0.452 0.712 0.094 0.150 0.613 0.879 0.984 0.222 0.043 0.625 0.205 0.789 0.219 0.126 0.583 0.008 0.291 0.171 0.496 0.913 0.874 0.202 0.998 0.225 0.201 0.962 0.387 0.192 0.288 0.619 0.868 0.580 0.274 0.993 0.143 0.036 0.387 0.845 0.765 0.001 0.884 0.599 0.107 0.111 0.760 0.910
0.477 0.284 0.817 0.453 0.582 0.783 0.011 0.941 0.283 0.483 0.407 0.064 0.715 0.453 0.608 0.080 0.970 0.515 0.537 0.232 0.394 0.458 0.536 0.986 0.962 0.864 0.821 0.910 0.636 0.776 0.684 0.979 0.150 1.000 0.446 0.238 0.572 0.814 0.862 0.413 0.386 0.611 0.311 0.813 0.156 0.579 0.402 0.378 0.509 0.974 0.407 0.866 0.133 0.889 0.237 0.833 0.813 0.076 0.052 0.749 0.423 0.783 0.181 0.374 0.373 0.642 0.279 0.137 0.274 0.363 0.794 0.965 0.252 0.889 0.250 0.956 0.461 0.240 0.913 0.889 0.288 0.336 0.270 0.756 0.538 0.818 0.709 0.556 0.124 0.905 0.939 0.541 0.115 0.049 0.764 0.770 0.473 0.962 0.491 0.635
0.539 0.285 0.161 0.587 0.303 0.173 0.594 0.960 0.919 0.186 0.267 0.689 0.618 0.965 0.775 0.214 0.916 0.819 0.892 0.424 0.014 0.674 0.841 0.216 0.579 0.909 0.946 0.905 0.242 0.777 0.841 0.095 0.692 0.446 1.000 0.809 0.103 0.392 0.046 0.005 0.073 0.083 0.553 0.263 0.898 0.370 0.736 0.397 0.623 0.701 0.854 0.533 0.507 0.066 0.591 0.572 0.378 0.398 0.555 0.939 0.030 0.447 0.054 0.512 0.506 0.607 0.939 0.348 0.431 0.569 0.613 0.598 0.841 0.404 0.436 0.147 0.388 0.663 0.899 0.851 0.110 0.740 0.117 0.639 0.350 0.463 0.936 0.341 0.067 0.453 0.359 0.584 0.749 0.991 0.113 0.705 0.378 0.950 0.887 0.413
0.137 0.553 0.774 0.801 0.061 0.747 0.999 0.523 0.917 0.846 0.438 0.207 0.600 0.718 0.399 0.069 0.924 0.359 0.667 0.943 0.484 0.106 0.242 0.582 0.400 0.514 0.789 0.673 0.593 0.387 0.421 0.622 0.660 0.238 0.809 1.000 0.471 0.092 0.758 0.387 0.419 0.813 0.787 0.810 0.000 0.995 0.394 0.957 0.192 0.538 0.761 0.281 0.194 0.190 0.765 0.671 0.384 0.293 0.933 0.123 0.769 0.620 0.241 0.080 0.553 0.349 0.885 0.774 0.368 0.864 0.414 0.339 0.486 0.321 0.648 0.198 0.385 0.105 0.091 0.791 0.071 0.465 0.005 0.238 0.788 0.505 0.149 0.167 0.816 0.229 0.830 0.907 0.130 0.564 0.437 0.085 0.919 0.251 0.162 0.405
0.551 0.923 0.319 0.033 0.976 0.236 0.846 0.115 0.571 0.180 0.005 0.602 0.044 0.523 0.951 0.759 0.588 0.679 0.925 0.420 0.192 0.794 0.437 0.214 0.640 0.051 0.420 0.069 0.346 0.188 0.730 0.223 0.619 0.572 0.103 0.471 1.000 0.105 0.916 0.258 0.107 0.567 0.503 0.294 0.485 0.203 0.397 0.914 0.804 0.369 0.144 0.942 0.740 0.220 0.501 0.988 0.071 0.276 0.738 0.159 0.122 0.122 0.339 0.963 0.217 0.608 0.249 0.455 0.190 0.405 0.987 0.084 0.706 0.250 0.287 0.955 0.114 0.492 0.260 0.684 0.863 0.541 0.693 0.678 0.528 0.611 0.692 0.413 0.788 0.612 0.936 0.680 0.957 0.197 0.888 0.079 0.546 0.293 0.956 0.108
0.501 0.142 0.716 0.124 0.066 0.102 0.925 0.978 0.063 0.840 0.019 0.788 0.208 0.083 0.583 0.901 0.445 0.918 0.146 0.370 0.629 0.798 0.689 0.094 0.610 0.170 0.654 0.998 0.264 0.339 0.548 0.884 0.203 0.814 0.392 0.092 0.105 1.000 0.775 0.408 0.773 0.165 0.740 0.320 0.750 0.920 0.030 0.815 0.079 0.402 0.132 0.310 0.579 0.744 0.338 0.089 0.095 0.496 0.413 0.585 0.409 0.222 0.737 0.793 0.072 0.865 0.611 0.524 0.826 0.092 0.759 0.043 0.132 0.594 0.764 0.807 0.195 0.605 0.908 0.722 0.352 0.273 0.912 0.295 0.991 0.059 0.744 0.433 0.260 0.522 0.678 0.992 0.459 0.584 0.463 0.912 0.239 0.697 0.057 0.329
0.691 0.337 0.644 0.540 0.454 0.382 0.061 0.769 0.191 0.128 0.006 0.897 0.721 0.556 0.001 0.126 0.110 0.039 0.135 0.973 0.791 0.633 0.170 0.131 0.244 0.370 0.906 0.003 0.302 0.294 0.882 0.057 0.000 0.862 0.046 0.758 0.916 0.775 1.000 0.168 0.475 0.811 0.749 0.749 0.107 0.474 0.491 0.091 0.719 0.449 0.156 0.265 0.671 0.382 0.649 0.174 0.130 0.275 0.873 0.740 0.907 0.495 0.231 0.785 0.734 0.553 0.376 0.732 0.854 0.583 0.656 0.897 0.591 0.690 0.006 0.191 0.125 0.011 0.206 0.727 0.410 0.422 0.840 0.375 0.750 0.812 0.919 0.457 0.566 0.537 0.933 0.779 0.186 0.428 0.700 0.270 0.480 0.937 0.570 0.156
0.187 0.378 0.482 0.574 0.129 0.753 0.253 0.125 0.948 0.284 0.499 0.390 0.497 0.057 0.331 0.675 0.743 0.703 0.587 0.818 1.000 0.562 0.515 0.269 0.330 0.676 0.113 0.255 0.830 0.058 0.126 0.155 0.313 0.413 0.005 0.387 0.258 0.408 0.168 1.000 0.719 0.331 0.520 0.728 0.731 0.070 0.203 0.597 0.863 0.755 0.551 0.318 0.531 0.178 0.184 0.662 0.751 0.488 0.329 0.167 0.275 0.384 0.892 0.477 0.119 0.989 0.017 0.574 0.613 0.414 0.635 0.712 0.284 0.141 0.613 0.418 0.877 0.700 0.430 0.496 0.994 0.161 0.270 0.190 0.054 0.540 0.489 0.753 0.221 0.401 0.871 0.525 0.578 0.845 0.426 0.615 0.351 0.587 0.526 0.684
0.434 0.230 0.458 0.954 0.648 0.517 0.134 0.308 0.619 0.660 0.868 0.962 0.364 0.661 0.574 0.758 0.883 0.777 0.615 0.151 0.472 0.914 0.372 0.950 0.222 0.688 0.071 0.397 0.393 0.506 0.909 0.450 0.377 0.386 0.073 0.419 0.107 0.773 0.475 0.719 1.000 0.674 0.693 0.566 0.708 0.857 0.953 0.274 0.611 0.183 0.835 0.556 0.504 0.713 0.851 0.722 0.517 0.205 0.302 0.120 0.246 0.906 0.519 0.364 0.686 0.309 0.670 0.311 0.717 0.363 0.333 0.964 0.865 0.742 0.677 0.855 0.360 0.126 0.096 0.008 0.320 0.924 0.554 0.400 0.297 0.046 0.914 0.214 0.373 0.259 0.611 0.143 0.386 0.218 0.673 0.965 0.887 0.824 0.197 0.738
0.210 0.057 0.570 0.725 0.714 0.879 0.286 0.116 0.549 0.189 0.662 0.644 0.717 0.462 0.667 0.350 0.422 0.811 0.655 0.791 0.737 0.354 0.082 0.189 0.453 0.771 0.024 0.379 0.699 0.905 0.045 0.650 0.847 0.611 0.083 0.813 0.567 0.165 0.811 0.331 0.674 1.000 0.452 0.052 0.794 0.895 0.847 0.480 0.341 0.697 0.325 0.097 0.361 0.613 0.329 0.533 0.304 0.507 0.506 0.054 0.373 0.065 0.269 0.270 0.338 0.914 0.868 0.142 0.845 0.091 0.608 0.817 0.164 0.539 0.505 0.681 0.022 0.962 0.519 0.453 0.178 0.913 0.943 0.173 0.936 0.729 0.299 0.270 0.115 0.930 0.472 0.717 0.522 0.697 0.952 0.255 0.038 0.109 0.839 0.756
0.590 0.514 0.384 0.853 0.209 0.082 0.048 0.438 0.731 0.836 0.628 0.380 0.977 0.412 0.158 0.578 0.073 0.653 0.062 0.021 0.213 0.959 0.788 0.262 0.446 0.256 0.942 0.468 0.905 0.905 0.739 0.093 0.805 0.311 0.553 0.787 0.503 0.740 0.749 0.520 0.693 0.452 1.000 0.946 0.968 0.263 0.835 0.906 0.572 0.935 0.762 0.030 0.774 0.718 0.283 0.518 0.070 0.603 0.645 0.203 0.515 0.665 0.780 0.588 0.867 0.682 0.503 0.232 0.561 0.352 0.211 0.981 0.084 0.398 0.221 0.148 0.517 0.172 0.473 0.609 0.973 0.850 0.776 0.939 0.398 0.185 0.692 0.138 0.854 0.872 0.094 0.212 0.823 0.469 0.668 0.119 0.736 0.012 0.928 0.746
0.477 0.925 0.791 0.288 0.902 0.015 0.915 0.478 0.974 0.918 0.198 0.866 0.759 0.582 0.641 0.888 0.176 0.126 0.442 0.019 0.935 0.466 0.286 0.782 0.052 0.321 0.621 0.726 0.457 0.575 0.814 0.522 0.827 0.813 0.263 0.810 0.294 0.320 0.749 0.728 0.566 0.052 0.946 1.000 0.022 0.481 0.660 0.017 0.447 0.498 0.342 0.430 0.512 0.749 0.489 0.233 0.633 0.060 0.756 0.595 0.234 0.455 0.344 0.762 0.194 0.597 0.927 0.899 0.136 0.472 0.452 0.949 0.180 0.944 0.337 0.731 0.126 0.762 0.935 0.455 0.786 0.975 0.357 0.537 0.531 0.173 0.928 0.365 0.358 0.421 0.571 0.477 0.220 0.385 0.790 0.950 0.320 0.143 0.710 0.488
0.457 0.476 0.041 0.402 0.139 0.029 0.950 0.483 0.526 0.622 0.385 0.858 0.227 0.582 0.290 0.722 0.830 0.487 0.612 0.554 0.429 0.033 0.045 0.558 0.807 0.674 0.931 0.452 0.343 0.605 0.264 0.907 0.881 0.156 0.898 0.000 0.485 0.750 0.107 0.731 0.708 0.794 0.968 0.022 1.000 0.499 0.774 0.741 0.408 0.325 0.610 0.824 0.826 0.724 0.278 0.089 0.521 0.451 0.299 0.793 0.895 0.731 0.329 0.567 0.625 0.724 0.442 0.962 0.895 0.230 0.467 0.545 0.890 0.058 0.134 0.972 0.541 0.173 0.144 0.585 0.840 0.628 0.123 0.484 0.245 0.719 0.255 0.373 0.687 0.104 0.798 0.453 0.152 0.785 0.892 0.617 0.331 0.963 0.609 0.838
0.687 0.648 0.824 0.861 0.334 0.212 0.806 0.901 0.754 0.876 0.098 0.183 0.684 0.837 0.095 0.945 0.812 0.176 0.370 0.460 0.702 0.672 0.744 0.380 0.847 0.488 0.872 0.430 0.277 0.449 0.517 0.310 0.146 0.579 0.370 0.995 0.203 0.920 0.474 0.070 0.857 0.895 0.263 0.481 0.499 1.000 0.204 0.803 0.600 0.498 0.780 0.822 0.891 0.948 0.776 0.913 0.756 0.056 0.574 0.702 0.160 0.761 0.675 0.168 0.713 0.483 0.408 0.212 0.030 0.898 0.485 0.011 0.071 0.418 0.893 0.834 0.086 0.996 0.018 0.906 0.019 0.204 0.926 0.765 0.025 0.639 0.280 0.586 0.670 0.061 0.204 0.620 0.112 0.985 0.382 0.256 0.537 0.741 0.045 0.733
0.711 0.514 0.032 0.334 0.198 0.180 0.693 0.090 0.174 0.074 0.073 0.985 0.735 0.881 0.881 0.886 0.389 0.939 0.640 0.352 0.119 0.544 0.184 0.458 0.935 0.043 0.373 0.581 0.398 0.118 0.952 0.342 0.798 0.402 0.736 0.394 0.397 0.030 0.491 0.203 0.953 0.847 0.835 0.660 0.774 0.204 1.000 0.469 0.104 0.439 0.130 0.446 0.334 0.289 0.097 0.251 0.472 0.894 0.681 0.818 0.379 0.556 0.790 0.078 0.434 0.352 0.222 0.781 0.530 0.365 0.960 0.511 0.268 0.854 0.761 0.402 0.329 0.607 0.340 0.650 0.507 0.460 0.102 0.538 0.342 0.862 0.996 0.058 0.051 0.305 0.110 0.994 0.463 0.741 0.824 0.355 0.169 0.297 0.043 0.933
0.279 0.235 0.915 0.856 0.216 0.963 0.870 0.709 0.129 0.312 0.692 0.214 0.799 0.914 0.176 0.152 0.146 0.936 0.831 0.818 0.534 0.343 0.508 0.927 0.804 0.438 0.292 0.853 0.569 0.179 0.507 0.678 0.001 0.378 0.397 0.957 0.914 0.815 0.091 0.597 0.274 0.480 0.906 0.017 0.741 0.803 0.469 1.000 0.418 0.135 0.112 0.944 0.406 0.253 0.184 0.917 0.197 0.628 0.907 0.668 0.984 0.756 0.014 0.442 0.726 0.122 0.534 0.148 0.292 0.743 0.163 0.523 0.558 0.209 0.075 0.182 0.996 0.890 0.657 0.293 0.746 0.330 0.709 0.446 0.567 0.835 0.963 0.689 0.527 0.334 0.036 0.018 0.727 0.185 0.899 0.673 0.870 0.778 0.405 0.293
0.578 0.687 0.693 0.940 0.816 0.168 0.543 0.623 0.568 0.621 0.082 0.626 0.190 0.231 0.179 0.194 0.297 0.953 0.875 0.006 0.979 0.758 0.799 0.451 0.716 0.252 0.488 0.905 0.158 0.768 0.669 0.077 0.747 0.509 0.623 0.192 0.804 0.079 0.719 0.863 0.611 0.341 0.572 0.447 0.408 0.600 0.104 0.418 1.000 0.276 0.813 0.468 0.974 0.097 0.147 0.180 0.359 0.654 0.682 0.260 0.921 0.018 0.665 0.561 0.518 0.030 0.743 0.756 0.215 0.704 0.629 0.179 0.756 0.486 0.265 0.121 0.071 0.513 0.512 0.617 0.045 0.072 0.870 0.951 0.998 0.296 0.494 0.953 0.745 0.922 0.323 0.485 0.167 0.962 0.904 0.441 0.054 0.114 0.081 0.223
0.690 0.665 0.017 0.642 0.897 0.006 0.268 0.205 0.814 0.216 0.542 0.128 0.791 0.679 0.670 0.480 0.128 0.389 0.495 0.755 0.499 0.605 0.731 0.704 0.932 0.928 0.829 0.757 0.616 0.616 0.635 0.535 0.109 0.974 0.701 0.538 0.369 0.402 0.449 0.755 0.183 0.697 0.935 0.498 0.325 0.498 0.439 0.135 0.276 1.000 0.813 0.507 0.619 0.057 0.849 0.321 0.872 0.468 0.360 0.245 0.303 0.189 0.032 0.143 0.357 0.849 0.552 0.044 0.082 0.905 0.158 0.759 0.567 0.656 0.035 0.947 0.604 0.458 0.487 0.102 0.508 0.385 0.410 0.119 0.625 0.463 0.859 0.372 0.162 0.250 0.257 0.011 0.123 0.507 0.335 0.538 0.081 0.953 0.017 0.492
0.108 0.771 0.635 0.059 0.555 0.230 0.920 0.368 0.732 0.941 0.262 0.092 0.388 0.459 0.798 0.543 0.803 0.463 0.861 0.018 0.765 0.217 0.594 0.438 0.804 0.592 0.318 0.486 0.501 0.896 0.931 0.250 0.998 0.407 0.854 0.761 0.144 0.132 0.156 0.551 0.835 0.325 0.762 0.342 0.610 0.780 0.130 0.112 0.813 0.813 1.000 0.526 0.605 0.608 0.262 0.130 0.370 0.089 0.665 0.281 0.283 0.367 0.666 0.673 0.655 0.683 0.961 0.546 0.327 0.588 0.617 0.859 0.918 0.978 0.341 0.044 0.392 0.164 0.091 0.123 0.451 0.019 0.084 0.274 0.951 0.265 0.287 0.648 0.132 0.597 0.978 0.255 0.724 0.617 0.538 0.701 0.539 0.880 0.474 0.207
0.877 0.754 0.445 0.943 0.720 0.892 0.582 0.978 0.459 0.089 0.628 0.672 0.791 0.185 0.078 0.539 0.433 0.104 0.686 0.458 0.644 0.904 0.614 0.837 0.578 0.206 0.795 0.960 0.388 0.010 0.004 0.445 0.868 0.866 0.533 0.281 0.942 0.310 0.265 0.318 0.556 0.097 0.030 0.430 0.824 0.822 0.446 0.944 0.468 0.507 0.526 1.000 0.353 0.282 0.570 0.003 0.911 0.250 0.115 0.110 0.732 0.999 0.903 0.304 0.526 0.251 0.659 0.134 0.407 0.789 0.606 0.694 0.797 0.729 0.067 0.089 0.400 0.920 0.684 0.904 0.951 0.627 0.200 0.698 0.979 0.479 0.583 0.868 0.612 0.855 0.775 0.286 0.367 0.467 0.941 0.554 0.655 0.260 0.415 0.404
0.193 0.730 0.380 0.338 0.963 0.575 0.719 0.147 0.858 0.035 0.730 0.303 0.603 0.085 0.067 0.892 0.686 0.645 0.531 0.649 0.143 0.188 0.698 0.374 0.461 0.224 0.426 0.772 0.334 0.153 0.977 0.590 0.781 0.133 0.507 0.194 0.740 0.579 0.671 0.531 0.504 0.361 0.774 0.512 0.826 0.891 0.334 0.406 0.974 0.619 0.605 0.353 1.000 0.857 0.549 0.422 0.695 0.601 0.775 0.381 0.820 0.571 0.713 0.334 0.125 0.201 0.945 0.752 0.741 0.639 0.399 0.217 0.898 0.446 0.135 0.038 0.591 0.493 0.435 0.150 0.364 0.495 0.251 0.697 0.309 0.120 0.676 0.252 0.249 0.399 0.204 0.109 0.243 0.433 0.745 0.660 0.559 0.755 0.663 0.914
0.481 0.313 0.088 0.489 0.412 0.778 0.526 0.134 0.454 0.007 0.620 0.853 0.908 0.791 0.341 0.133 0.829 0.113 0.741 0.020 0.664 0.020 0.040 0.557 0.557 0.613 0.030 0.080 0.497 0.604 0.166 0.542 0.233 0.889 0.066 0.190 0.220 0.744 0.382 0.178 0.713 0.613 0.718 0.749 0.724 0.948 0.289 0.253 0.097 0.057 0.608 0.282 0.857 1.000 0.515 0.486 0.846 0.927 0.717 0.247 0.852 0.594 0.798 0.182 0.631 0.759 0.612 0.134 0.791 0.027 0.264 0.822 0.550 0.533 0.826 0.266 0.537 0.093 0.476 0.176 0.207 0.645 0.809 0.454 0.517 0.139 0.326 0.735 0.671 0.766 0.711 0.493 0.172 0.676 0.588 0.445 0.541 0.318 0.456 0.939
0.220 0.799 0.012 0.526 0.136 0.090 0.133 0.904 0.191 0.099 0.112 0.994 0.363 0.589 0.595 0.357 0.902 0.883 0.184 0.912 0.263 0.144 0.146 0.536 0.648 0.437 0.321 0.175 0.096 0.194 0.413 0.625 0.452 0.237 0.591 0.765 0.501 0.338 0.649 0.184 0.851 0.329 0.283 0.489 0.278 0.776 0.097 0.184 0.147 0.849 0.262 0.570 0.549 0.515 1.000 0.214 0.420 0.313 0.366 0.921 0.456 0.185 0.458 0.656 0.644 0.841 0.172 0.790 0.720 0.243 0.906 0.792 0.740 0.432 0.271 0.842 0.682 0.797 0.384 0.816 0.273 0.715 0.714 0.310 0.158 0.239 0.195 0.241 0.591 0.434 0.856 0.439 0.024 0.853 0.152 0.371 0.271 0.442 0.273 0.474
0.833 0.474 0.980 0.805 0.535 0.391 0.280 0.374 0.747 0.230 0.340 0.419 0.772 0.081 0.613 0.249 0.027 0.269 0.955 0.372 0.078 0.770 0.182 0.717 0.882 0.108 0.392 0.343 0.941 0.412 0.760 0.682 0.712 0.833 0.572 0.671 0.988 0.089 0.174 0.662 0.722 0.533 0.518 0.233 0.089 0.913 0.251 0.917 0.180 0.321 0.130 0.003 0.422 0.486 0.214 1.000 0.785 0.975 0.136 0.990 0.978 0.061 0.004 0.521 0.406 0.106 0.999 0.189 0.913 0.844 0.006 0.245 0.190 0.870 0.916 0.668 0.057 0.789 0.425 0.514 0.428 0.962 0.073 0.922 0.406 0.938 0.203 0.444 0.579 0.565 0.220 0.324 0.897 0.497 0.365 0.813 0.540 0.603 0.127 0.332
0.128 0.536 0.383 0.880 0.207 0.881 0.197 0.680 0.685 0.505 0.182 0.451 0.884 0.719 0.460 0.024 0.697 0.638 0.913 0.765 0.944 0.117 0.570 0.467 0.589 0.985 0.201 0.562 0.996 0.976 0.417 0.761 0.094 0.813 0.378 0.384 0.071 0.095 0.130 0.751 0.517 0.304 0.070 0.633 0.521 0.756 0.472 0.197 0.359 0.872 0.370 0.911 0.695 0.846 0.420 0.785 1.000 0.545 0.716 0.323 0.065 0.997 0.599 0.006 0.331 0.893 0.781 0.057 0.046 0.542 0.034 0.485 0.442 0.241 0.272 0.106 0.413 0.179 0.175 0.677 0.428 0.951 0.928 0.544 0.556 0.749 0.865 0.818 0.533 0.974 0.022 0.328 0.973 0.339 0.713 0.422 0.582 0.888 0.854 0.307
0.059 0.416 0.097 0.693 0.327 0.665 0.159 0.981 0.738 0.279 0.459 0.465 0.087 0.945 0.459 0.079 0.443 0.835 0.990 0.580 0.174 0.502 0.701 0.517 0.805 0.406 0.965 0.924 0.237 0.346 0.706 0.243 0.150 0.076 0.398 0.293 0.276 0.496 0.275 0.488 0.205 0.507 0.603 0.060 0.451 0.056 0.894 0.628 0.654 0.468 0.089 0.250 0.601 0.927 0.313 0.975 0.545 1.000 0.675 0.476 0.377 0.956 0.630 0.053 0.720 0.984 0.671 0.773 0.978 0.420 0.654 0.754 0.833 0.146 0.430 0.587 0.668 0.036 0.893 0.706 0.169 0.259 0.800 0.967 0.151 0.926 0.005 0.502 0.606 0.819 0.781 0.551 0.265 0.288 0.364 0.328 0.114 0.177 0.578 0.286
0.068 0.285 0.860 0.574 0.202 0.002 0.778 0.663 0.970 0.067 0.911 0.779 0.971 0.850 0.790 0.451 0.128 0.292 0.694 0.527 0.925 0.241 0.243 0.614 0.400 0.735 0.597 0.265 0.280 0.767 0.200 0.808 0.613 0.052 0.555 0.933 0.738 0.413 0.873 0.329 0.302 0.506 0.645 0.756 0.299 0.574 0.681 0.907 0.682 0.360 0.665 0.115 0.775 0.717 0.366 0.136 0.716 0.675 1.000 0.013 0.639 0.262 0.276 0.832 0.205 0.077 0.884 0.344 0.216 0.191 0.376 0.190 0.673 0.889 0.845 0.019 0.058 0.221 0.471 0.396 0.868 0.805 0.447 0.567 0.837 0.455 0.776 0.939 0.491 0.121 0.548 0.465 0.223 0.055 0.066 0.030 0.523 0.548 0.513 0.084
0.891 0.875 0.884 0.494 0.728 0.598 0.259 0.090 0.770 0.439 0.644 0.457 0.184 0.815 0.051 0.001 0.380 0.266 0.377 0.970 0.768 0.273 0.027 0.110 0.093 0.596 0.673 0.004 0.356 0.982 0.921 0.917 0.879 0.749 0.939 0.123 0.159 0.585 0.740 0.167 0.120 0.054 0.203 0.595 0.793 0.702 0.818 0.668 0.260 0.245 0.281 0.110 0.381 0.247 0.921 0.990 0.323 0.476 0.013 1.000 0.606 0.955 0.733 0.225 0.984 0.512 0.213 0.515 0.161 0.646 0.164 0.963 0.606 0.061 0.749 0.139 0.238 0.861 0.406 0.499 0.102 0.102 0.247 0.446 0.203 0.753 0.200 0.692 0.251 0.243 0.275 0.032 0.670 0.492 0.515 0.701 0.821 0.152 0.885 0.508
0.129 0.994 0.054 0.558 0.614 0.106 0.973 0.894 0.347 0.266 0.273 0.178 0.911 0.701 0.996 0.803 0.227 0.155 0.122 0.938 0.992 0.211 0.245 0.091 0.660 0.599 0.208 0.229 0.916 0.396 0.485 0.085 0.984 0.423 0.030 0.769 0.122 0.409 0.907 0.275 0.246 0.373 0.515 0.234 0.895 0.160 0.379 0.984 0.921 0.303 0.283 0.732 0.820 0.852 0.456 0.978 0.065 0.377 0.639 0.606 1.000 0.015 0.222 0.098 0.976 0.630 0.150 0.032 0.539 0.371 0.880 0.081 0.552 0.806 0.463 0.553 0.168 0.288 0.902 0.028 0.272 0.702 0.447 0.116 0.368 0.219 0.954 0.928 0.105 0.117 0.865 0.558 0.236 0.514 0.443 0.141 0.281 0.208 0.569 0.484
0.598 0.432 0.518 0.416 0.824 0.594 0.326 0.958 0.129 0.930 0.614 0.171 0.833 0.537 0.650 0.234 0.587 0.298 0.438 0.061 0.262 0.384 0.837 0.370 0.788 0.812 0.178 0.038 0.930 0.562 0.549 0.795 0.222 0.783 0.447 0.620 0.122 0.222 0.495 0.384 0.906 0.065 0.665 0.455 0.731 0.761 0.556 0.756 0.018 0.189 0.367 0.999 0.571 0.594 0.185 0.061 0.997 0.956 0.262 0.955 0.015 1.000 0.082 0.274 0.228 0.650 0.337 0.363 0.379 0.658 0.425 0.191 0.778 0.556 0.537 0.088 0.804 0.138 0.007 0.827 0.751 0.458 0.625 0.351 0.603 0.627 0.515 0.137 0.730 0.476 0.816 0.957 0.045 0.197 0.447 0.502 0.225 0.348 0.262 0.822
0.968 0.476 0.400 0.016 0.047 0.048 0.717 0.697 0.568 0.543 0.741 0.701 0.871 0.196 0.110 0.232 0.015 0.427 0.909 0.145 0.299 0.031 0.965 0.688 0.260 0.942 0.311 0.154 0.474 0.478 0.910 0.657 0.043 0.181 0.054 0.241 0.339 0.737 0.231 0.892 0.519 0.269 0.780 0.344 0.329 0.675 0.790 0.014 0.665 0.032 0.666 0.903 0.713 0.798 0.458 0.004 0.599 0.630 0.276 0.733 0.222 0.082 1.000 0.396 0.832 0.891 0.743 0.373 0.776 0.571 0.318 0.961 0.202 0.066 0.609 0.036 0.488 0.551 0.812 0.711 0.905 0.157 0.461 0.602 0.909 0.237 0.117 0.553 0.470 0.426 0.890 0.205 0.025 0.092 0.993 0.105 0.958 0.155 0.482 0.951
0.460 0.853 0.828 0.006 0.665 0.430 0.187 0.346 0.539 0.683 0.410 0.385 0.897 0.023 0.939 0.512 0.912 0.789 0.484 0.551 0.733 0.346 0.694 0.032 0.039 0.722 0.646 0.975 0.380 0.065 0.084 0.773 0.625 0.374 0.512 0.080 0.963 0.793 0.785 0.477 0.364 0.270 0.588 0.762 0.567 0.168 0.078 0.442 0.561 0.143 0.673 0.304 0.334 0.182 0.656 0.521 0.006 0.053 0.832 0.225 0.098 0.274 0.396 1.000 0.885 0.778 0.381 0.667 0.587 0.586 0.259 0.193 0.543 0.096 0.949 0.624 0.269 0.126 0.864 0.028 0.637 0.072 0.013 0.858 0.412 0.194 0.427 0.596 0.591 0.619 0.204 0.245 0.496 0.460 0.221 0.731 0.191 0.614 0.118 0.570
0.512 0.854 0.821 0.218 0.914 0.944 0.260 0.660 0.578 0.691 0.630 0.159 0.119 0.292 0.962 0.947 0.294 0.982 0.444 0.576 0.146 0.079 0.599 0.623 0.775 0.367 0.279 0.545 0.721 0.324 0.477 0.022 0.205 0.373 0.506 0.553 0.217 0.072 0.734 0.119 0.686 0.338 0.867 0.194 0.625 0.713 0.434 0.726 0.518 0.357 0.655 0.526 0.125 0.631 0.644 0.406 0.331 0.720 0.205 0.984 0.976 0.228 0.832 0.885 1.000 0.469 0.077 0.488 0.377 0.971 0.308 0.888 0.231 0.591 0.065 0.610 0.105 0.666 0.024 0.521 0.462 0.297 0.803 0.663 0.082 0.848 0.452 0.824 0.891 0.127 0.168 0.713 0.615 0.860 0.155 0.980 0.548 0.571 0.206 0.117
0.407 0.101 0.430 0.029 0.437 0.978 0.932 0.311 0.160 0.882 0.619 0.814 0.001 0.734 0.617 0.394 0.104 0.929 0.674 0.966 0.799 0.336 0.956 0.252 0.749 0.695 0.823 0.179 0.578 0.214 0.511 0.729 0.789 0.642 0.607 0.349 0.608 0.865 0.553 0.989 0.309 0.914 0.682 0.597 0.724 0.483 0.352 0.122 0.030 0.849 0.683 0.251 0.201 0.759 0.841 0.106 0.893 0.984 0.077 0.512 0.630 0.650 0.891 0.778 0.469 1.000 0.241 0.570 0.586 0.757 0.960 0.343 0.465 0.358 0.881 0.335 0.703 0.469 0.878 0.377 0.889 0.698 0.594 0.659 0.018 0.589 0.255 0.175 0.415 0.326 0.853 0.657 0.693 0.245 0.892 0.752 0.622 0.635 0.214 0.333
